Date,Open,High,Low,Close,Adj Close,Volume
2000-01-04,0.5,0.5,0.5,0.5,0.4487594962120056,0
2000-01-07,0.5,0.5208330154418945,0.4791670143604278,0.5208330154418945,0.4674575328826904,340800
2000-01-10,0.5208330154418945,0.5208330154418945,0.5208330154418945,0.5208330154418945,0.4674575328826904,0
2000-01-13,0.5416669845581055,0.5416669845581055,0.5416669845581055,0.5416669845581055,0.4861564040184021,28800
2000-01-14,0.5416669845581055,0.5416669845581055,0.5416669845581055,0.5416669845581055,0.4861564040184021,24000
2000-01-17,0.5416669845581055,0.5416669845581055,0.5416669845581055,0.5416669845581055,0.4861564040184021,0
2000-01-19,0.5416669845581055,0.5416669845581055,0.5416669845581055,0.5416669845581055,0.4861564040184021,4800
2000-01-20,0.5625,0.5625,0.5625,0.5625,0.5048545002937317,4800
2000-01-21,0.5625,0.5625,0.5625,0.5625,0.5048545002937317,0
2000-01-25,0.5833330154418945,0.5833330154418945,0.5833330154418945,0.5833330154418945,0.5235523581504822,9600
2000-01-26,0.5833330154418945,0.5833330154418945,0.5833330154418945,0.5833330154418945,0.5235523581504822,4800
2000-01-27,0.5833330154418945,0.5833330154418945,0.5833330154418945,0.5833330154418945,0.5235523581504822,0
2000-02-07,0.5833330154418945,0.5833330154418945,0.5833330154418945,0.5833330154418945,0.5235523581504822,28800
2000-02-09,0.5833330154418945,0.5833330154418945,0.5833330154418945,0.5833330154418945,0.5235523581504822,43200
2000-02-14,0.5833330154418945,0.5833330154418945,0.5833330154418945,0.5833330154418945,0.5235523581504822,14400
2000-03-02,0.5416669845581055,0.5416669845581055,0.5416669845581055,0.5416669845581055,0.4861564040184021,19200
2000-03-06,0.5520830154418945,0.5520830154418945,0.5520830154418945,0.5520830154418945,0.4955049157142639,24000
2000-03-07,0.5520830154418945,0.5520830154418945,0.5520830154418945,0.5520830154418945,0.4955049157142639,0
2000-03-08,0.4791670143604278,0.5104169845581055,0.4791670143604278,0.5104169845581055,0.4581089615821838,393600
2000-03-09,0.5104169845581055,0.5104169845581055,0.5104169845581055,0.5104169845581055,0.4581089615821838,0
2000-03-29,0.5625,0.5625,0.5625,0.5625,0.5048545002937317,9600
2000-03-31,0.5729169845581055,0.5729169845581055,0.5729169845581055,0.5729169845581055,0.5142038464546204,33600
2000-04-03,0.5729169845581055,0.5729169845581055,0.5729169845581055,0.5729169845581055,0.5142038464546204,0
2000-04-05,0.5729169845581055,0.6041669845581055,0.5729169845581055,0.6041669845581055,0.5422512888908386,52800
2000-04-06,0.6041669845581055,0.6041669845581055,0.6041669845581055,0.6041669845581055,0.5422512888908386,0
2000-05-08,0.5833330154418945,0.5833330154418945,0.5833330154418945,0.5833330154418945,0.5235523581504822,48000
2000-05-16,0.5833330154418945,0.5833330154418945,0.5833330154418945,0.5833330154418945,0.5235523581504822,96000
2000-06-05,0.5416669845581055,0.5416669845581055,0.5416669845581055,0.5416669845581055,0.4861564040184021,96000
2000-06-07,0.5729169845581055,0.5729169845581055,0.5729169845581055,0.5729169845581055,0.5142038464546204,4800
2000-06-22,0.5458329916000366,0.5458329916000366,0.5416669845581055,0.5416669845581055,0.4861564040184021,14400
2000-06-27,0.5208330154418945,0.5208330154418945,0.4906249940395355,0.4906249940395355,0.4403451085090637,28800
2000-06-28,0.4906249940395355,0.4906249940395355,0.4906249940395355,0.4906249940395355,0.4403451085090637,0
2000-07-18,0.4895829856395721,0.4895829856395721,0.4895829856395721,0.4895829856395721,0.4394100308418274,9600
2000-07-19,0.4895829856395721,0.4895829856395721,0.4895829856395721,0.4895829856395721,0.4394100308418274,0
2000-07-31,0.5104169845581055,0.5104169845581055,0.5104169845581055,0.5104169845581055,0.4581089615821838,24000
2000-08-17,0.5416669845581055,0.5416669845581055,0.5416669845581055,0.5416669845581055,0.4861564040184021,48000
2000-08-23,0.5416669845581055,0.5416669845581055,0.5416669845581055,0.5416669845581055,0.4861564040184021,9600
2000-09-05,0.5208330154418945,0.5208330154418945,0.5208330154418945,0.5208330154418945,0.4674575328826904,48000
2000-09-06,0.5208330154418945,0.5208330154418945,0.5208330154418945,0.5208330154418945,0.4674575328826904,9600
2000-09-28,0.4916670024394989,0.4916670024394989,0.4916670024394989,0.4916670024394989,0.4412804543972015,48000
2000-09-29,0.4916670024394989,0.4916670024394989,0.4916670024394989,0.4916670024394989,0.4412804543972015,0
2000-10-03,0.5062500238418579,0.5062500238418579,0.5062500238418579,0.5062500238418579,0.4543689787387848,9600
2000-10-04,0.5062500238418579,0.5062500238418579,0.5062500238418579,0.5062500238418579,0.4543689787387848,0
2000-10-06,0.5208330154418945,0.53125,0.5208330154418945,0.53125,0.4768067300319671,120000
2000-10-10,0.512499988079071,0.512499988079071,0.4791670143604278,0.4791670143604278,0.430061399936676,48000
2000-10-11,0.4791670143604278,0.4791670143604278,0.4791670143604278,0.4791670143604278,0.430061399936676,0
2000-10-17,0.4864580035209656,0.4864580035209656,0.4864580035209656,0.4864580035209656,0.4366051852703094,4800
2000-10-18,0.4864580035209656,0.4864580035209656,0.4864580035209656,0.4864580035209656,0.4366051852703094,0
2000-10-20,0.4906249940395355,0.4906249940395355,0.4906249940395355,0.4906249940395355,0.4403451085090637,9600
2000-10-26,0.4916670024394989,0.4916670024394989,0.4916670024394989,0.4916670024394989,0.4412804543972015,9600
2000-11-09,0.5145829916000366,0.5145829916000366,0.5145829916000366,0.5145829916000366,0.4618480503559112,19200
2000-11-10,0.5145829916000366,0.5145829916000366,0.5145829916000366,0.5145829916000366,0.4618480503559112,0
2000-11-13,0.5166670083999634,0.5166670083999634,0.5166670083999634,0.5166670083999634,0.4637182950973511,4800
2000-11-14,0.5166670083999634,0.5166670083999634,0.5166670083999634,0.5166670083999634,0.4637182950973511,0
2000-11-16,0.5,0.5,0.5,0.5,0.4487594962120056,4800
2000-11-17,0.5145829916000366,0.5145829916000366,0.4854170083999634,0.4854170083999634,0.4356708228588104,28800
2000-11-20,0.5,0.5,0.5,0.5,0.4487594962120056,14400
2000-11-27,0.5,0.5104169845581055,0.5,0.5104169845581055,0.4581089615821838,28800
2000-11-28,0.5104169845581055,0.5208330154418945,0.5104169845581055,0.5208330154418945,0.4674575328826904,139200
2000-11-30,0.5208330154418945,0.5208330154418945,0.5208330154418945,0.5208330154418945,0.4674575328826904,96000
2000-12-04,0.5479170083999634,0.5479170083999634,0.5479170083999634,0.5479170083999634,0.4917659759521484,9600
2000-12-05,0.5479170083999634,0.5479170083999634,0.5479170083999634,0.5479170083999634,0.4917659759521484,0
2000-12-07,0.5520830154418945,0.5520830154418945,0.5520830154418945,0.5520830154418945,0.4955049157142639,4800
2000-12-13,0.6458330154418945,0.6458330154418945,0.612500011920929,0.612500011920929,0.5497301816940308,4800
2000-12-14,0.6145830154418945,0.6145830154418945,0.6145830154418945,0.6145830154418945,0.5515998005867004,14400
2000-12-15,0.6145830154418945,0.6145830154418945,0.6145830154418945,0.6145830154418945,0.5515998005867004,0
2001-01-03,0.5625,0.59375,0.5625,0.59375,0.5329017043113708,19200
2001-01-04,0.59375,0.59375,0.59375,0.59375,0.5329017043113708,0
2001-01-23,0.609375,0.609375,0.609375,0.609375,0.5469255447387695,9600
2001-01-24,0.609375,0.609375,0.609375,0.609375,0.5469255447387695,0
2001-02-21,0.5916669964790344,0.5916669964790344,0.5916669964790344,0.5916669964790344,0.5310323238372803,9600
2001-02-22,0.5916669964790344,0.5916669964790344,0.5916669964790344,0.5916669964790344,0.5310323238372803,0
2001-02-23,0.6041669845581055,0.6041669845581055,0.6041669845581055,0.6041669845581055,0.5422512888908386,14400
2001-02-26,0.612500011920929,0.6145830154418945,0.6041669845581055,0.6041669845581055,0.5422512888908386,24000
2001-02-27,0.6145830154418945,0.6145830154418945,0.6145830154418945,0.6145830154418945,0.5515998005867004,9600
2001-03-26,0.6187499761581421,0.6187499761581421,0.6187499761581421,0.6187499761581421,0.5553398132324219,24000
2001-03-27,0.6458330154418945,0.6458330154418945,0.6458330154418945,0.6458330154418945,0.579647421836853,9600
2001-03-28,0.6458330154418945,0.6458330154418945,0.6458330154418945,0.6458330154418945,0.579647421836853,0
2001-03-30,0.6041669845581055,0.6041669845581055,0.6041669845581055,0.6041669845581055,0.5422512888908386,9600
2001-04-05,0.6041669845581055,0.6041669845581055,0.6041669845581055,0.6041669845581055,0.5422512888908386,4800
2001-04-30,0.625,0.625,0.625,0.625,0.5609493255615234,4800
2001-05-01,0.625,0.625,0.625,0.625,0.5609493255615234,0
2001-05-03,0.6458330154418945,0.6458330154418945,0.6458330154418945,0.6458330154418945,0.579647421836853,43200
2001-05-07,0.5947920083999634,0.5947920083999634,0.5947920083999634,0.5947920083999634,0.5338371396064758,4800
2001-05-08,0.5947920083999634,0.5947920083999634,0.5947920083999634,0.5947920083999634,0.5338371396064758,0
2001-05-09,0.6229169964790344,0.6229169964790344,0.6229169964790344,0.6229169964790344,0.5590800642967224,96000
2001-05-10,0.6229169964790344,0.6229169964790344,0.6229169964790344,0.6229169964790344,0.5590800642967224,0
2001-05-11,0.6458330154418945,0.6458330154418945,0.625,0.625,0.5609493255615234,9600
2001-05-15,0.625,0.625,0.625,0.625,0.5609493255615234,24000
2001-05-16,0.6479169726371765,0.6666669845581055,0.6479169726371765,0.6666669845581055,0.598346471786499,86400
2001-05-17,0.6979169845581055,0.6979169845581055,0.6979169845581055,0.6979169845581055,0.6263936758041382,24000
2001-05-18,0.6979169845581055,0.6979169845581055,0.6979169845581055,0.6979169845581055,0.6263936758041382,0
2001-05-22,0.734375,0.734375,0.734375,0.734375,0.6591154336929321,9600
2001-05-23,0.7345830202102661,0.7345830202102661,0.734375,0.734375,0.6591154336929321,19200
2001-05-24,0.734375,0.7645829916000366,0.734375,0.7645829916000366,0.6862276792526245,19200
2001-05-25,0.7645829916000366,0.7645829916000366,0.7645829916000366,0.7645829916000366,0.6862276792526245,0
2001-05-30,0.765625,0.765625,0.765625,0.765625,0.6871629357337952,4800
2001-05-31,0.765625,0.765625,0.765625,0.765625,0.6871629357337952,0
2001-06-04,0.7916669845581055,0.7916669845581055,0.7916669845581055,0.7916669845581055,0.7105361819267273,4800
2001-06-05,0.7916669845581055,0.7916669845581055,0.7916669845581055,0.7916669845581055,0.7105361819267273,0
2001-06-06,0.7791669964790344,0.7791669964790344,0.7791669964790344,0.7791669964790344,0.699317216873169,9600
2001-06-07,0.7791669964790344,0.7791669964790344,0.7791669964790344,0.7791669964790344,0.699317216873169,0
2001-06-08,0.7916669845581055,0.7916669845581055,0.7916669845581055,0.7916669845581055,0.7105361819267273,9600
2001-06-11,0.8333330154418945,0.8333330154418945,0.8333330154418945,0.8333330154418945,0.7479321956634521,9600
2001-06-12,0.8333330154418945,0.8333330154418945,0.8333330154418945,0.8333330154418945,0.7479321956634521,0
2001-06-18,0.75,0.75,0.75,0.75,0.673139214515686,9600
2001-06-19,0.75,0.75,0.75,0.75,0.673139214515686,0
2001-07-06,0.7916669845581055,0.8333330154418945,0.7916669845581055,0.8333330154418945,0.7479321956634521,24000
2001-07-09,0.8333330154418945,0.8333330154418945,0.8333330154418945,0.8333330154418945,0.7479321956634521,4800
2001-07-10,0.8333330154418945,0.8333330154418945,0.8333330154418945,0.8333330154418945,0.7479321956634521,28800
2001-07-11,0.8645830154418945,0.8645830154418945,0.8645830154418945,0.8645830154418945,0.7759798169136047,9600
2001-07-12,0.8645830154418945,0.8645830154418945,0.8645830154418945,0.8645830154418945,0.7759798169136047,0
2001-07-18,0.8958330154418945,0.8958330154418945,0.8958330154418945,0.8958330154418945,0.804027259349823,4800
2001-07-19,0.8958330154418945,0.8958330154418945,0.8958330154418945,0.8958330154418945,0.804027259349823,0
2001-08-07,0.875,0.875,0.875,0.875,0.7853291034698486,9600
2001-08-08,0.875,0.875,0.875,0.875,0.7853291034698486,0
2001-08-10,0.8583329916000366,0.8583329916000366,0.8583329916000366,0.8583329916000366,0.7703703045845032,2400
2001-08-13,0.8583329916000366,0.8583329916000366,0.8583329916000366,0.8583329916000366,0.7703703045845032,0
2001-08-20,0.8958330154418945,0.8958330154418945,0.8958330154418945,0.8958330154418945,0.804027259349823,24000
2001-08-21,0.9583330154418944,0.9583330154418944,0.9583330154418944,0.9583330154418944,0.8601219058036804,4800
2001-08-22,0.9583330154418944,0.9583330154418944,0.9583330154418944,0.9583330154418944,0.8601219058036804,0
2001-08-23,0.9583330154418944,0.9583330154418944,0.9583330154418944,0.9583330154418944,0.8601219058036804,2400
2001-08-24,1.0833330154418943,1.0833330154418943,1.0833330154418943,1.0833330154418943,0.9723118543624878,16800
2001-08-27,1.0833330154418943,1.0833330154418943,1.0833330154418943,1.0833330154418943,0.9723118543624878,0
2001-08-31,1.0916670560836792,1.0916670560836792,1.0916670560836792,1.0916670560836792,0.979791820049286,4800
2001-09-04,1.0833330154418943,1.0833330154418943,1.0833330154418943,1.0833330154418943,0.9723118543624878,4800
2001-09-10,1.0416669845581057,1.0833330154418943,1.0,1.0,0.8975189924240112,28800
2001-09-13,1.0,1.0,1.0,1.0,0.8975189924240112,57600
2001-09-14,1.0208330154418943,1.0208330154418943,1.0208330154418943,1.0208330154418943,0.9162169694900512,2400
2001-09-17,0.9166669845581056,0.9166669845581056,0.9166669845581056,0.9166669845581056,0.8227260112762451,9600
2001-09-18,0.9166669845581056,0.9166669845581056,0.9166669845581056,0.9166669845581056,0.8227260112762451,0
2001-09-25,0.9916669726371764,1.0416669845581057,0.9916669726371764,1.0416669845581057,0.9349158406257628,60000
2001-09-26,1.0416669845581057,1.0416669845581057,1.0416669845581057,1.0416669845581057,0.9349158406257628,0
2001-09-27,1.0625,1.0625,1.0625,1.0625,0.9536134600639344,2400
2001-09-28,1.0625,1.0625,1.0625,1.0625,0.9536134600639344,0
2001-10-03,1.0625,1.0625,1.0625,1.0625,0.9536134600639344,7200
2001-10-04,1.2083330154418943,1.2083330154418943,1.0833330154418943,1.2083330154418943,1.0845016241073608,36000
2001-10-05,1.2083330154418943,1.2083330154418943,1.2083330154418943,1.2083330154418943,1.0845016241073608,0
2001-10-15,1.2083330154418943,1.2083330154418943,1.2083330154418943,1.2083330154418943,1.0845016241073608,2400
2001-10-16,1.0833330154418943,1.0833330154418943,1.0833330154418943,1.0833330154418943,0.9723118543624878,45600
2001-10-19,1.1041669845581057,1.1041669845581057,1.0833330154418943,1.1041669845581057,0.9910104274749756,24000
2001-10-22,1.125,1.125,1.125,1.125,1.0097090005874634,2400
2001-10-23,0.9375,0.9375,0.9375,0.9375,0.8414239883422852,4800
2001-10-24,0.9375,0.9375,0.9375,0.9375,0.8414239883422852,0
2001-10-25,0.9583330154418944,1.0,0.9583330154418944,1.0,0.8975189924240112,1348800
2001-10-26,1.0,1.0,1.0,1.0,0.8975189924240112,0
2001-10-31,1.0,1.0,1.0,1.0,0.8975189924240112,1243200
2001-11-06,1.0833330154418943,1.0833330154418943,1.0416669845581057,1.0416669845581057,0.9349158406257628,50400
2001-11-07,1.0416669845581057,1.0416669845581057,1.0416669845581057,1.0416669845581057,0.9349158406257628,7200
2001-11-08,1.0208330154418943,1.0208330154418943,1.0208330154418943,1.0208330154418943,0.9162169694900512,1147200
2001-11-09,1.1041669845581057,1.1041669845581057,1.0416669845581057,1.0416669845581057,0.9349158406257628,832800
2001-11-12,1.0416669845581057,1.0416669845581057,1.0416669845581057,1.0416669845581057,0.9349158406257628,242400
2001-11-14,1.0208330154418943,1.0208330154418943,1.0208330154418943,1.0208330154418943,0.9162169694900512,4800
2001-11-15,1.0208330154418943,1.0208330154418943,1.0208330154418943,1.0208330154418943,0.9162169694900512,0
2001-11-19,1.0625,1.125,1.0625,1.125,1.0097090005874634,24000
2001-11-20,1.0416669845581057,1.0416669845581057,1.0416669845581057,1.0416669845581057,0.9349158406257628,33600
2001-11-21,1.0833330154418943,1.1875,1.0833330154418943,1.1875,1.0658034086227417,14400
2001-11-22,1.1875,1.1875,1.1875,1.1875,1.0658034086227417,0
2001-11-23,1.1458330154418943,1.1458330154418943,1.0833330154418943,1.0833330154418943,0.9723118543624878,79200
2001-11-27,1.0833330154418943,1.0833330154418943,1.0833330154418943,1.0833330154418943,0.9723118543624878,2400
2001-11-28,1.0791670083999634,1.0791670083999634,1.0791670083999634,1.0791670083999634,0.9685724973678588,14400
2001-11-29,1.0791670083999634,1.0833330154418943,1.0762499570846558,1.0833330154418943,0.9723118543624878,76800
2001-11-30,1.0833330154418943,1.0854170322418213,1.0833330154418943,1.0854170322418213,0.9741824865341188,50400
2001-12-03,1.125,1.125,1.125,1.125,1.0097090005874634,16800
2001-12-04,1.125,1.125,1.0833330154418943,1.0833330154418943,0.9723118543624878,4800
2001-12-06,1.053333044052124,1.0583330392837524,1.0520830154418943,1.0520830154418943,0.9442644119262696,14400
2001-12-07,1.0833330154418943,1.0833330154418943,1.0833330154418943,1.0833330154418943,0.9723118543624878,24000
2001-12-11,1.125,1.125,1.0299999713897705,1.0299999713897705,0.9244447350502014,4800
2001-12-12,1.0416669845581057,1.0416669845581057,1.0416669845581057,1.0416669845581057,0.9349158406257628,2400
2001-12-14,1.1041669845581057,1.1041669845581057,1.1041669845581057,1.1041669845581057,0.9910104274749756,2400
2001-12-18,1.1041669845581057,1.1041669845581057,1.1041669845581057,1.1041669845581057,0.9910104274749756,0
2001-12-19,1.100000023841858,1.100000023841858,1.0416669845581057,1.0416669845581057,0.9349158406257628,48000
2001-12-20,1.1041669845581057,1.1041669845581057,1.1041669845581057,1.1041669845581057,0.9910104274749756,24000
2001-12-21,1.1291669607162476,1.1291669607162476,1.1291669607162476,1.1291669607162476,1.01344895362854,12000
2001-12-24,1.1291669607162476,1.1291669607162476,1.1291669607162476,1.1291669607162476,1.01344895362854,0
2001-12-31,1.1108330488204956,1.1108330488204956,1.1108330488204956,1.1108330488204956,0.9969937205314636,2400
2002-01-02,1.1291669607162476,1.1291669607162476,1.1291669607162476,1.1291669607162476,1.01344895362854,16800
2002-01-03,1.125,1.125,1.125,1.125,1.0097090005874634,4800
2002-01-04,1.125,1.125,1.125,1.125,1.0097090005874634,9600
2002-01-07,1.125,1.2083330154418943,1.125,1.2083330154418943,1.0845016241073608,21600
2002-01-09,1.1291669607162476,1.1291669607162476,1.1291669607162476,1.1291669607162476,1.01344895362854,14400
2002-01-15,1.1458330154418943,1.1458330154418943,1.1458330154418943,1.1458330154418943,1.0284069776535034,2400
2002-01-16,1.2083330154418943,1.2083330154418943,1.2083330154418943,1.2083330154418943,1.0845016241073608,12000
2002-01-18,1.2291669845581057,1.2291669845581057,1.2291669845581057,1.2291669845581057,1.1032005548477173,4800
2002-01-23,1.1833330392837524,1.1833330392837524,1.1833330392837524,1.1833330392837524,1.0620639324188232,2400
2002-01-24,1.1833330392837524,1.1833330392837524,1.1833330392837524,1.1833330392837524,1.0620639324188232,0
2002-01-29,1.2083330154418943,1.2291669845581057,1.2083330154418943,1.2291669845581057,1.1032005548477173,24000
2002-01-30,1.2291669845581057,1.2291669845581057,1.2291669845581057,1.2291669845581057,1.1032005548477173,0
2002-02-05,1.2666670083999634,1.2666670083999634,1.2479170560836792,1.2479170560836792,1.120029330253601,14400
2002-02-06,1.2479170560836792,1.2479170560836792,1.2479170560836792,1.2479170560836792,1.120029330253601,0
2002-02-07,1.25,1.2916669845581057,1.25,1.2916669845581057,1.1592957973480225,12000
2002-02-08,1.3541669845581057,1.3541669845581057,1.3541669845581057,1.3541669845581057,1.2153905630111694,12000
2002-02-11,1.3541669845581057,1.3541669845581057,1.3541669845581057,1.3541669845581057,1.2153905630111694,0
2002-02-12,1.3333330154418943,1.3333330154418943,1.3333330154418943,1.3333330154418943,1.1966919898986816,4800
2002-02-13,1.3333330154418943,1.3333330154418943,1.3333330154418943,1.3333330154418943,1.1966919898986816,0
2002-02-18,1.3333330154418943,1.4166669845581057,1.3333330154418943,1.4166669845581057,1.271485447883606,4800
2002-02-19,1.4500000476837158,1.4791669845581057,1.4500000476837158,1.4791669845581057,1.327580213546753,21600
2002-02-20,1.4791669845581057,1.4791669845581057,1.4791669845581057,1.4791669845581057,1.327580213546753,0
2002-02-21,1.4166669845581057,1.4166669845581057,1.4166669845581057,1.4166669845581057,1.271485447883606,4800
2002-02-22,1.4166669845581057,1.4166669845581057,1.4166669845581057,1.4166669845581057,1.271485447883606,0
2002-03-01,1.375,1.375,1.375,1.375,1.234088659286499,2400
2002-03-04,1.375,1.375,1.375,1.375,1.234088659286499,0
2002-03-05,1.4166669845581057,1.4166669845581057,1.4166669845581057,1.4166669845581057,1.271485447883606,2400
2002-03-06,1.53125,1.53125,1.53125,1.53125,1.3743258714675903,2400
2002-03-07,1.5833330154418943,1.5833330154418943,1.5833330154418943,1.5833330154418943,1.4210714101791382,7200
2002-03-08,1.5458329916000366,1.5458329916000366,1.5458329916000366,1.5458329916000366,1.3874144554138184,7200
2002-03-11,1.5837500095367432,1.65625,1.5837500095367432,1.625,1.4584680795669556,16800
2002-03-12,1.6666669845581057,1.6666669845581057,1.6666669845581057,1.6666669845581057,1.4958651065826416,4800
2002-03-13,1.6666669845581057,1.6666669845581057,1.6666669845581057,1.6666669845581057,1.4958651065826416,9600
2002-03-14,1.7083330154418943,1.7083330154418943,1.7083330154418943,1.7083330154418943,1.53326153755188,2400
2002-03-15,1.7083330154418943,1.7083330154418943,1.6979169845581057,1.6979169845581057,1.5239123106002808,9600
2002-03-18,1.7041670083999634,1.7041670083999634,1.6666669845581057,1.6666669845581057,1.4958651065826416,7200
2002-03-19,1.5833330154418943,1.5833330154418943,1.5833330154418943,1.5833330154418943,1.4210714101791382,12000
2002-03-20,1.6666669845581057,1.6958329677581787,1.6666669845581057,1.6666669845581057,1.4958651065826416,86400
2002-03-21,1.7062499523162842,1.78125,1.7062499523162842,1.78125,1.5987056493759155,16800
2002-03-22,1.7916669845581057,1.8125,1.7916669845581057,1.8125,1.6267530918121338,7200
2002-03-25,1.8541669845581052,1.9270830154418943,1.8541669845581052,1.9270830154418943,1.7295931577682495,19200
2002-03-26,1.9270830154418943,1.9583330154418943,1.9270830154418943,1.9583330154418943,1.7576409578323364,9600
2002-03-27,1.9791669845581052,2.125,1.9791669845581052,2.125,1.9072269201278689,14400
2002-03-28,2.2083330154418945,2.2083330154418945,2.1270830631256104,2.1270830631256104,1.909097671508789,9600
2002-04-01,2.1270830631256104,2.1270830631256104,2.1270830631256104,2.1270830631256104,1.909097671508789,0
2002-04-02,2.1270830631256104,2.166666984558105,2.1270830631256104,2.166666984558105,1.944624662399292,26400
2002-04-03,2.2708330154418945,2.2708330154418945,2.2708330154418945,2.2708330154418945,2.0381150245666504,7200
2002-04-04,2.354166984558105,2.625,2.354166984558105,2.625,2.355987548828125,52800
2002-04-05,2.6458330154418945,2.6458330154418945,2.5833330154418945,2.5833330154418945,2.3185906410217285,40800
2002-04-08,2.572916984558105,2.572916984558105,2.0625,2.0833330154418945,1.8698307275772093,52800
2002-04-09,2.0833330154418945,2.0833330154418945,2.0833330154418945,2.0833330154418945,1.8698307275772093,2400
2002-04-10,1.9791669845581052,1.9791669845581052,1.918750047683716,1.918750047683716,1.7221148014068604,16800
2002-04-11,1.8333330154418943,1.834167003631592,1.7916669845581057,1.8333330154418943,1.6454510688781738,6038400
2002-04-12,1.6770830154418943,1.8333330154418943,1.6666669845581057,1.6875,1.5145628452301023,12012000
2002-04-15,1.625,1.625,1.6041669845581057,1.6041669845581057,1.4397705793380735,9600
2002-04-16,1.5416669845581057,1.5416669845581057,1.5416669845581057,1.5416669845581057,1.3836749792099,4800
2002-04-17,1.7312500476837158,1.7916669845581057,1.7312500476837158,1.7916669845581057,1.6080552339553833,21600
2002-04-18,1.84375,2.2083330154418945,1.84375,2.0395829677581787,1.8305644989013672,57600
2002-04-19,2.072916984558105,2.0833330154418945,2.041666984558105,2.041666984558105,1.832434892654419,31200
2002-04-22,2.041666984558105,2.041666984558105,2.041666984558105,2.041666984558105,1.832434892654419,0
2002-04-23,2.041666984558105,2.041666984558105,1.8020830154418943,1.8020830154418943,1.6174037456512451,7200
2002-04-24,1.8020830154418943,1.8020830154418943,1.8020830154418943,1.8020830154418943,1.6174037456512451,2400
2002-04-25,1.8020830154418943,1.8020830154418943,1.8020830154418943,1.8020830154418943,1.6174037456512451,0
2002-04-29,1.7083330154418943,1.7083330154418943,1.7083330154418943,1.7083330154418943,1.53326153755188,28800
2002-05-01,1.9166669845581052,1.9166669845581052,1.9166669845581052,1.9166669845581052,1.7202447652816772,4800
2002-05-02,1.9166669845581052,1.9166669845581052,1.9166669845581052,1.9166669845581052,1.7202447652816772,0
2002-05-07,1.962499976158142,1.9791669845581052,1.962499976158142,1.9791669845581052,1.7763395309448242,4800
2002-05-08,2.0833330154418945,2.0833330154418945,2.0833330154418945,2.0833330154418945,1.8698307275772093,9600
2002-05-09,2.1333329677581787,2.1333329677581787,2.0833330154418945,2.0833330154418945,1.8698307275772093,7200
2002-05-10,2.166666984558105,2.166666984558105,2.087500095367432,2.087500095367432,1.873570203781128,2400
2002-05-13,2.0833330154418945,2.0833330154418945,2.0833330154418945,2.0833330154418945,1.8698307275772093,0
2002-05-14,2.0833330154418945,2.0833330154418945,2.0833330154418945,2.0833330154418945,1.8698307275772093,19200
2002-05-17,2.125,2.125,2.09375,2.09375,1.8791794776916504,12000
2002-05-21,2.0833330154418945,2.125,2.0833330154418945,2.125,1.9072269201278689,9600
2002-05-22,2.087500095367432,2.087500095367432,2.087500095367432,2.087500095367432,1.873570203781128,2400
2002-05-23,2.16208291053772,2.166666984558105,2.16208291053772,2.166666984558105,1.944624662399292,12000
2002-05-24,2.166666984558105,2.1875,2.166666984558105,2.1875,1.9633228778839111,12000
2002-05-27,2.1875,2.1875,2.1875,2.1875,1.9633228778839111,0
2002-05-28,2.2833330631256104,2.2833330631256104,2.2833330631256104,2.2833330631256104,2.049335241317749,2400
2002-05-29,2.2874999046325684,2.375,2.2874999046325684,2.375,2.1316068172454834,33600
2002-05-30,2.375,2.375,2.375,2.375,2.1316068172454834,0
2002-06-03,2.3333330154418945,2.4583330154418945,2.3333330154418945,2.4583330154418945,2.206400156021118,14400
2002-06-04,2.4583330154418945,2.4954171180725098,2.4583330154418945,2.462500095367432,2.2101402282714844,43200
2002-06-05,2.462500095367432,2.462500095367432,2.462500095367432,2.462500095367432,2.2101402282714844,0
2002-06-06,2.416666984558105,2.416666984558105,2.416666984558105,2.416666984558105,2.169004201889038,2400
2002-06-07,2.3333330154418945,2.493750095367432,2.3333330154418945,2.493750095367432,2.238187789916992,9600
2002-06-10,2.493750095367432,2.493750095367432,2.493750095367432,2.493750095367432,2.238187789916992,0
2002-06-12,2.495832920074463,2.495832920074463,2.495832920074463,2.495832920074463,2.240057468414306,2400
2002-06-13,2.375,2.375,2.375,2.375,2.1316068172454834,5913600
2002-06-24,2.25,2.25,2.25,2.25,2.0194180011749268,6004800
2002-06-25,2.25,2.25,2.25,2.25,2.0194180011749268,0
2002-06-27,2.375,2.375,2.375,2.375,2.1316068172454834,2400
2002-07-02,2.3333330154418945,2.3333330154418945,2.3333330154418945,2.3333330154418945,2.094210386276245,6206400
2002-07-03,2.375,2.375,2.3333330154418945,2.3333330154418945,2.094210386276245,7200
2002-07-04,2.3333330154418945,2.3333330154418945,2.3333330154418945,2.3333330154418945,2.094210386276245,0
2002-07-09,2.291666984558105,2.291666984558105,2.291666984558105,2.291666984558105,2.056814670562744,2400
2002-07-10,2.291666984558105,2.291666984558105,2.291666984558105,2.291666984558105,2.056814670562744,0
2002-07-11,2.2083330154418945,2.2083330154418945,2.2083330154418945,2.2083330154418945,1.982020616531372,2400
2002-07-12,2.2083330154418945,2.2083330154418945,2.2083330154418945,2.2083330154418945,1.982020616531372,0
2002-07-17,2.0,2.0,2.0,2.0,1.7950379848480225,6000
2002-07-18,2.291666984558105,2.291666984558105,2.291666984558105,2.291666984558105,2.056814670562744,1200
2002-07-19,2.25,2.25,2.25,2.25,2.0194180011749268,2400
2002-07-29,2.291666984558105,2.354166984558105,2.291666984558105,2.354166984558105,2.112910032272339,6000
2002-07-30,2.25,2.25,2.25,2.25,2.0194180011749268,6000
2002-07-31,2.166666984558105,2.166666984558105,2.166666984558105,2.166666984558105,1.944624662399292,24000
2002-08-01,2.166666984558105,2.25,2.166666984558105,2.166666984558105,1.944624662399292,8400
2002-08-02,2.166666984558105,2.166666984558105,2.166666984558105,2.166666984558105,1.944624662399292,0
2002-08-07,2.0833330154418945,2.0833330154418945,2.0833330154418945,2.0833330154418945,1.8698307275772093,13200
2002-08-12,2.0833330154418945,2.166666984558105,2.0833330154418945,2.0833330154418945,1.8698307275772093,19200
2002-08-13,2.166666984558105,2.166666984558105,2.1616671085357666,2.1616671085357666,1.940137505531311,15600
2002-08-14,2.166666984558105,2.166666984558105,2.166666984558105,2.166666984558105,1.944624662399292,6000
2002-08-15,2.166666984558105,2.166666984558105,2.166666984558105,2.166666984558105,1.944624662399292,3600
2002-08-16,2.0,2.0,2.0,2.0,1.7950379848480225,2400
2002-08-19,1.9166669845581052,1.9166669845581052,1.9166669845581052,1.9166669845581052,1.7202447652816772,2400
2002-08-20,1.6708329916000366,1.6708329916000366,1.6708329916000366,1.6708329916000366,1.4996039867401123,8400
2002-08-21,1.7083330154418943,1.8333330154418943,1.625,1.6666669845581057,1.4958651065826416,39600
2002-08-22,1.625,1.625,1.625,1.625,1.4584680795669556,6000
2002-08-23,1.75,1.8333330154418943,1.75,1.8333330154418943,1.6454510688781738,4800
2002-08-26,1.7083330154418943,1.7083330154418943,1.625,1.625,1.4584680795669556,3600
2002-08-27,1.625,1.625,1.625,1.625,1.4584680795669556,0
2002-08-28,1.5208330154418943,1.5425000190734863,1.4583330154418943,1.4583330154418943,1.308881163597107,25200
2002-08-29,1.4583330154418943,1.4583330154418943,1.4583330154418943,1.4583330154418943,1.308881163597107,0
2002-08-30,1.6458330154418943,1.6749999523162842,1.6458330154418943,1.6458330154418943,1.4771662950515747,15600
2002-09-03,1.6458330154418943,1.6458330154418943,1.6458330154418943,1.6458330154418943,1.4771662950515747,0
2002-09-04,1.5833330154418943,1.5833330154418943,1.5833330154418943,1.5833330154418943,1.4210714101791382,2400
2002-09-05,1.8324999809265137,1.8333330154418943,1.8324999809265137,1.8333330154418943,1.6454510688781738,2400
2002-09-06,1.9583330154418943,2.0833330154418945,1.9583330154418943,2.0,1.7950379848480225,15600
2002-09-09,2.0833330154418945,2.0833330154418945,2.0833330154418945,2.0833330154418945,1.8698307275772093,6000
2002-09-10,2.0833330154418945,2.0833330154418945,2.0833330154418945,2.0833330154418945,1.8698307275772093,7200
2002-09-11,1.9583330154418943,2.041666984558105,1.9583330154418943,2.041666984558105,1.832434892654419,8400
2002-09-18,1.9583330154418943,1.9583330154418943,1.9583330154418943,1.9583330154418943,1.7576409578323364,2400
2002-09-19,2.0708329677581787,2.0708329677581787,2.0708329677581787,2.0708329677581787,1.858612418174744,3600
2002-09-20,2.0708329677581787,2.0708329677581787,2.0708329677581787,2.0708329677581787,1.858612418174744,9600
2002-09-23,1.987499952316284,1.987499952316284,1.8541669845581052,1.8541669845581052,1.6641497611999512,13200
2002-09-24,1.8541669845581052,1.8541669845581052,1.8541669845581052,1.8541669845581052,1.6641497611999512,0
2002-09-30,1.8541669845581052,1.8541669845581052,1.8541669845581052,1.8541669845581052,1.6641497611999512,3600
2002-10-07,1.671666979789734,1.671666979789734,1.671666979789734,1.671666979789734,1.5003525018692017,1200
2002-10-08,1.671666979789734,1.671666979789734,1.671666979789734,1.671666979789734,1.5003525018692017,0
2002-10-10,1.6666669845581057,1.6666669845581057,1.5833330154418943,1.5833330154418943,1.4210714101791382,3600
2002-10-11,1.5833330154418943,1.5833330154418943,1.5833330154418943,1.5833330154418943,1.4210714101791382,0
2002-10-16,1.3791669607162476,1.3791669607162476,1.3791669607162476,1.3791669607162476,1.2378287315368652,6000
2002-10-17,1.3958330154418943,1.3958330154418943,1.3958330154418943,1.3958330154418943,1.25278639793396,1200
2002-10-18,1.6666669845581057,1.6666669845581057,1.6666669845581057,1.6666669845581057,1.4958651065826416,1200
2002-10-21,1.6666669845581057,1.6666669845581057,1.6666669845581057,1.6666669845581057,1.4958651065826416,0
2002-10-24,1.875,1.875,1.875,1.875,1.6828479766845703,6000
2002-10-25,1.9583330154418943,2.0833330154418945,1.9583330154418943,2.0833330154418945,1.8698307275772093,38400
2002-10-29,1.6666669845581057,1.6666669845581057,1.6666669845581057,1.6666669845581057,1.4958651065826416,13200
2002-10-30,1.9583330154418943,2.0,1.6458330154418943,1.6458330154418943,1.4771662950515747,18000
2002-10-31,1.6349999904632568,1.6349999904632568,1.5933330059051514,1.5933330059051514,1.4300466775894165,2400
2002-11-01,1.5933330059051514,1.5933330059051514,1.5933330059051514,1.5933330059051514,1.4300466775894165,0
2002-11-04,1.662500023841858,1.6666669845581057,1.662500023841858,1.6666669845581057,1.4958651065826416,15600
2002-11-05,1.6666669845581057,1.6666669845581057,1.6666669845581057,1.6666669845581057,1.4958651065826416,12000
2002-11-11,1.6041669845581057,1.6041669845581057,1.6041669845581057,1.6041669845581057,1.4397705793380735,2400
2002-11-12,1.6041669845581057,1.6041669845581057,1.6041669845581057,1.6041669845581057,1.4397705793380735,0
2002-11-13,1.5,1.5,1.5,1.5,1.346278429031372,15600
2002-11-14,1.5,1.5,1.5,1.5,1.346278429031372,1200
2002-11-15,1.5,1.5,1.5,1.5,1.346278429031372,0
2002-11-18,1.5833330154418943,1.5833330154418943,1.5,1.5,1.346278429031372,14400
2002-11-19,1.649999976158142,1.649999976158142,1.5833330154418943,1.5833330154418943,1.4210714101791382,18000
2002-11-20,1.6833330392837524,1.6833330392837524,1.5,1.5,1.346278429031372,7200
2002-11-21,1.6666669845581057,1.6666669845581057,1.523332953453064,1.523332953453064,1.3672199249267578,22800
2002-11-22,1.5625,1.5625,1.5625,1.5625,1.4023735523223877,4800
2002-11-26,1.537500023841858,1.537500023841858,1.537500023841858,1.537500023841858,1.3799355030059814,4800
2002-11-27,1.524999976158142,1.524999976158142,1.5,1.5,1.346278429031372,13200
2002-11-28,1.5,1.5,1.5,1.5,1.346278429031372,6000
2002-12-02,1.625,1.625,1.625,1.625,1.4584680795669556,1200
2002-12-03,1.6166670322418213,1.6166670322418213,1.5149999856948853,1.5149999856948853,1.3597408533096311,7200
2002-12-04,1.5416669845581057,1.5416669845581057,1.5416669845581057,1.5416669845581057,1.3836749792099,2400
2002-12-05,1.5,1.5,1.5,1.5,1.346278429031372,2400
2002-12-09,1.5,1.5,1.4375,1.4791669845581057,1.327580213546753,16800
2002-12-12,1.649999976158142,1.649999976158142,1.649999976158142,1.649999976158142,1.4809062480926514,1200
2002-12-13,1.649999976158142,1.649999976158142,1.649999976158142,1.649999976158142,1.4809062480926514,0
2002-12-20,1.4166669845581057,1.4583330154418943,1.4166669845581057,1.4583330154418943,1.308881163597107,2400
2002-12-23,1.4583330154418943,1.4583330154418943,1.4166669845581057,1.4166669845581057,1.271485447883606,10800
2002-12-24,1.3333330154418943,1.3333330154418943,1.3333330154418943,1.3333330154418943,1.1966919898986816,2400
2002-12-27,1.25,1.25,1.2466670274734497,1.25,1.1218986511230469,13200
2002-12-30,1.2916669845581057,1.2916669845581057,1.2291669845581057,1.2291669845581057,1.1032005548477173,4741200
2002-12-31,1.25,1.25,1.25,1.25,1.1218986511230469,6000
2003-01-02,1.25,1.25,1.25,1.25,1.1218986511230469,4800
2003-01-03,1.25,1.25,1.25,1.25,1.1218986511230469,0
2003-01-09,1.3333330154418943,1.3541669845581057,1.3333330154418943,1.3541669845581057,1.2153905630111694,24000
2003-01-13,1.4583330154418943,1.4583330154418943,1.3250000476837158,1.3250000476837158,1.1892123222351074,12000
2003-01-14,1.25,1.25,1.25,1.25,1.1218986511230469,10800
2003-01-16,1.25,1.2916669845581057,1.25,1.25,1.1218986511230469,44400
2003-01-17,1.2416670322418213,1.2833329439163208,1.2416670322418213,1.2833329439163208,1.15181565284729,20400
2003-01-20,1.2833329439163208,1.2833329439163208,1.25,1.25,1.1218986511230469,4800
2003-01-21,1.196666955947876,1.196666955947876,1.196666955947876,1.196666955947876,1.074031114578247,8400
2003-01-22,1.2083330154418943,1.2083330154418943,1.2083330154418943,1.2083330154418943,1.0845016241073608,1200
2003-01-23,1.2491669654846191,1.2916669845581057,1.2491669654846191,1.2916669845581057,1.1592957973480225,12000
2003-01-24,1.2916669845581057,1.2916669845581057,1.2916669845581057,1.2916669845581057,1.1592957973480225,0
2003-01-30,1.287500023841858,1.287500023841858,1.287500023841858,1.287500023841858,1.1555553674697876,6000
2003-01-31,1.2916669845581057,1.2916669845581057,1.2916669845581057,1.2916669845581057,1.1592957973480225,6000
2003-02-03,1.2916669845581057,1.2916669845581057,1.25,1.25,1.1218986511230469,9600
2003-02-05,1.2291669845581057,1.2291669845581057,1.2291669845581057,1.2291669845581057,1.1032005548477173,2400
2003-02-06,1.2333329916000366,1.2333329916000366,1.2333329916000366,1.2333329916000366,1.1069399118423462,12000
2003-02-07,1.2333329916000366,1.2333329916000366,1.2333329916000366,1.2333329916000366,1.1069399118423462,0
2003-02-11,1.2374999523162842,1.2833329439163208,1.2374999523162842,1.2833329439163208,1.15181565284729,25200
2003-02-12,1.25,1.25,1.25,1.25,1.1218986511230469,20400
2003-02-19,1.2083330154418943,1.2083330154418943,1.1666669845581057,1.1666669845581057,1.0471055507659912,12000
2003-02-20,1.1916669607162476,1.25,1.1666669845581057,1.1875,1.0658034086227417,36000
2003-02-24,1.25,1.25,1.1708329916000366,1.1708329916000366,1.05084490776062,18000
2003-02-25,1.2291669845581057,1.2291669845581057,1.1875,1.1875,1.0658034086227417,1200
2003-02-26,1.2291669845581057,1.2291669845581057,1.1333329677581787,1.1333329677581787,1.0171877145767212,6000
2003-02-27,1.1416670083999634,1.1666669845581057,1.1416670083999634,1.1666669845581057,1.0471055507659912,4800
2003-02-28,1.1916669607162476,1.1916669607162476,1.1041669845581057,1.125,1.0097090005874634,13200
2003-03-03,1.1666669845581057,1.1875,1.1666669845581057,1.1708329916000366,1.05084490776062,31200
2003-03-05,1.1708329916000366,1.1708329916000366,1.1708329916000366,1.1708329916000366,1.05084490776062,0
2003-03-06,1.1458330154418943,1.1458330154418943,1.1458330154418943,1.1458330154418943,1.0284069776535034,1200
2003-03-07,1.1458330154418943,1.1458330154418943,1.0916670560836792,1.0916670560836792,0.979791820049286,484800
2003-03-10,1.0916670560836792,1.0916670560836792,1.0916670560836792,1.0916670560836792,0.979791820049286,2400
2003-03-11,1.0916670560836792,1.0916670560836792,1.0916670560836792,1.0916670560836792,0.979791820049286,14400
2003-03-12,1.0833330154418943,1.0833330154418943,1.0833330154418943,1.0833330154418943,0.9723118543624878,13200
2003-03-14,1.125,1.2083330154418943,1.125,1.2083330154418943,1.0845016241073608,2400
2003-03-17,1.2083330154418943,1.2083330154418943,1.0833330154418943,1.0833330154418943,0.9723118543624878,24000
2003-03-18,1.1166670322418213,1.125,1.1166670322418213,1.125,1.0097090005874634,7200
2003-03-19,1.1666669845581057,1.1666669845581057,1.1666669845581057,1.1666669845581057,1.0471055507659912,4800
2003-03-20,1.1875,1.1875,1.1666669845581057,1.1666669845581057,1.0471055507659912,10800
2003-03-21,1.2166670560836792,1.2916669845581057,1.2166670560836792,1.2916669845581057,1.1592957973480225,8400
2003-03-24,1.274999976158142,1.2916669845581057,1.274999976158142,1.2916669845581057,1.1592957973480225,14400
2003-03-26,1.149999976158142,1.149999976158142,1.149999976158142,1.149999976158142,1.032146692276001,1200
2003-03-27,1.2666670083999634,1.2666670083999634,1.2666670083999634,1.2666670083999634,1.136857509613037,1200
2003-03-31,1.2916669845581057,1.2916669845581057,1.25,1.25,1.1218986511230469,68400
2003-04-01,1.274999976158142,1.274999976158142,1.274999976158142,1.274999976158142,1.1443363428115845,8400
2003-04-02,1.2916669845581057,1.2916669845581057,1.2916669845581057,1.2916669845581057,1.1592957973480225,1200
2003-04-07,1.25,1.25,1.25,1.25,1.1218986511230469,2400
2003-04-08,1.2708330154418943,1.2916669845581057,1.2708330154418943,1.2916669845581057,1.1592957973480225,4800
2003-04-10,1.2916669845581057,1.2916669845581057,1.2916669845581057,1.2916669845581057,1.1592957973480225,3600
2003-04-11,1.1666669845581057,1.1666669845581057,1.1666669845581057,1.1666669845581057,1.0471055507659912,1200
2003-04-14,1.2916669845581057,1.2916669845581057,1.1924999952316284,1.1924999952316284,1.0702908039093018,10800
2003-04-15,1.2916669845581057,1.3333330154418943,1.2916669845581057,1.3333330154418943,1.1966919898986816,18000
2003-04-16,1.350000023841858,1.3533329963684082,1.350000023841858,1.3533329963684082,1.2146421670913696,9600
2003-04-17,1.375,1.375,1.375,1.375,1.234088659286499,1200
2003-04-21,1.25,1.25,1.125,1.125,1.0097090005874634,14400
2003-04-22,1.125,1.125,1.125,1.125,1.0097090005874634,0
2003-04-23,1.1666669845581057,1.1666669845581057,1.1666669845581057,1.1666669845581057,1.0471055507659912,240000
2003-04-25,1.1666669845581057,1.1666669845581057,1.1666669845581057,1.1666669845581057,1.0471055507659912,0
2003-04-28,1.150833010673523,1.2416670322418213,1.150833010673523,1.2416670322418213,1.1144193410873413,3600
2003-04-29,1.1791670322418213,1.1791670322418213,1.1791670322418213,1.1791670322418213,1.0583244562149048,2400
2003-04-30,1.2083330154418943,1.2083330154418943,1.2083330154418943,1.2083330154418943,1.0845016241073608,7200
2003-05-01,1.2708330154418943,1.2708330154418943,1.2708330154418943,1.2708330154418943,1.1405967473983765,1200
2003-05-02,1.2083330154418943,1.2083330154418943,1.2083330154418943,1.2083330154418943,1.0845016241073608,18000
2003-05-05,1.2916669845581057,1.2916669845581057,1.287500023841858,1.287500023841858,1.1555553674697876,4800
2003-05-06,1.287500023841858,1.287500023841858,1.287500023841858,1.287500023841858,1.1555553674697876,0
2003-05-07,1.2916669845581057,1.2916669845581057,1.2091670036315918,1.2091670036315918,1.0852502584457395,6000
2003-05-08,1.2091670036315918,1.2091670036315918,1.2091670036315918,1.2091670036315918,1.0852502584457395,0
2003-05-09,1.2291669845581057,1.2291669845581057,1.2091670036315918,1.2091670036315918,1.0852502584457395,4800
2003-05-12,1.2091670036315918,1.25,1.2091670036315918,1.2091670036315918,1.0852502584457395,4800
2003-05-13,1.2091670036315918,1.2666670083999634,1.1749999523162842,1.1749999523162842,1.0545848608016968,36000
2003-05-14,1.2441669702529907,1.2441669702529907,1.2166670560836792,1.2166670560836792,1.0919818878173828,14400
2003-05-15,1.2166670560836792,1.2166670560836792,1.2000000476837158,1.2000000476837158,1.0770227909088137,6000
2003-05-16,1.2000000476837158,1.2000000476837158,1.2000000476837158,1.2000000476837158,1.0770227909088137,0
2003-05-23,1.2083330154418943,1.2083330154418943,1.2083330154418943,1.2083330154418943,1.0845016241073608,3600
2003-05-27,1.2166670560836792,1.2166670560836792,1.2083330154418943,1.2083330154418943,1.0845016241073608,14400
2003-05-30,1.2291669845581057,1.2291669845581057,1.2291669845581057,1.2291669845581057,1.1032005548477173,7200
2003-06-03,1.2291669845581057,1.25,1.2291669845581057,1.25,1.1218986511230469,30000
2003-06-09,1.2291669845581057,1.2333329916000366,1.2291669845581057,1.2333329916000366,1.1069399118423462,7200
2003-06-10,1.2333329916000366,1.25,1.2333329916000366,1.25,1.1218986511230469,12000
2003-06-11,1.25,1.3125,1.25,1.2916669845581057,1.1592957973480225,160800
2003-06-12,1.3333330154418943,1.3333330154418943,1.3333330154418943,1.3333330154418943,1.1966919898986816,3600
2003-06-13,1.3333330154418943,1.3333330154418943,1.3333330154418943,1.3333330154418943,1.1966919898986816,1200
2003-06-16,1.2916669845581057,1.2916669845581057,1.2916669845581057,1.2916669845581057,1.1592957973480225,96000
2003-06-20,1.25,1.25,1.25,1.25,1.1218986511230469,13200
2003-06-23,1.25,1.25,1.25,1.25,1.1218986511230469,1200
2003-06-26,1.2916669845581057,1.2916669845581057,1.25,1.25,1.1218986511230469,8400
2003-06-27,1.25,1.25,1.1833330392837524,1.1833330392837524,1.0620639324188232,10800
2003-07-03,1.1666669845581057,1.1666669845581057,1.1666669845581057,1.1666669845581057,1.0471055507659912,12000
2003-07-04,1.3116669654846191,1.3166669607162476,1.3116669654846191,1.3166669607162476,1.1817331314086914,30000
2003-07-07,1.4083329439163208,1.4375,1.3333330154418943,1.3624999523162842,1.2228692770004272,40800
2003-07-08,1.4416669607162476,1.4416669607162476,1.3583329916000366,1.3583329916000366,1.2191298007965088,7200
2003-07-10,1.375,1.375,1.375,1.375,1.234088659286499,7200
2003-07-11,1.4075000286102295,1.4075000286102295,1.359166979789734,1.359166979789734,1.219878315925598,34800
2003-07-14,1.3333330154418943,1.3333330154418943,1.3333330154418943,1.3333330154418943,1.1966919898986816,13200
2003-07-15,1.3333330154418943,1.3333330154418943,1.3316669464111328,1.3316669464111328,1.1951961517333984,12000
2003-07-16,1.3316669464111328,1.3316669464111328,1.3316669464111328,1.3316669464111328,1.1951961517333984,0
2003-07-17,1.309999942779541,1.3583329916000366,1.309999942779541,1.3583329916000366,1.2191298007965088,6000
2003-07-22,1.2716670036315918,1.2716670036315918,1.2716670036315918,1.2716670036315918,1.1413452625274658,2400
2003-07-23,1.2716670036315918,1.2716670036315918,1.2716670036315918,1.2716670036315918,1.1413452625274658,0
2003-07-25,1.2716670036315918,1.2716670036315918,1.2716670036315918,1.2716670036315918,1.1413452625274658,1200
2003-07-28,1.399999976158142,1.399999976158142,1.3958330154418943,1.3958330154418943,1.25278639793396,6000
2003-07-29,1.3958330154418943,1.3958330154418943,1.3333330154418943,1.3541669845581057,1.2153905630111694,26400
2003-07-30,1.4083329439163208,1.4166669845581057,1.3916670083999634,1.3916670083999634,1.2490475177764893,14400
2003-08-05,1.463333010673523,1.5416669845581057,1.463333010673523,1.5,1.346278429031372,20400
2003-08-07,1.5,1.5416669845581057,1.5,1.5,1.346278429031372,18000
2003-08-21,1.4166669845581057,1.4375,1.4166669845581057,1.4375,1.290183424949646,7200
2003-08-22,1.4916670322418213,1.4916670322418213,1.4916670322418213,1.4916670322418213,1.3387993574142456,2400
2003-08-25,1.4175000190734863,1.4175000190734863,1.4175000190734863,1.4175000190734863,1.2722331285476685,9600
2003-08-26,1.4583330154418943,1.4950000047683716,1.4458329677581787,1.4458329677581787,1.2976619005203247,8400
2003-08-27,1.4783329963684082,1.4783329963684082,1.4783329963684082,1.4783329963684082,1.326831936836243,1200
2003-08-28,1.4783329963684082,1.5,1.4783329963684082,1.5,1.346278429031372,15600
2003-08-29,1.4583330154418943,1.4583330154418943,1.4166669845581057,1.4166669845581057,1.271485447883606,6000
2003-09-02,1.4583330154418943,1.5833330154418943,1.4291670322418213,1.4591670036315918,1.309630274772644,30000
2003-09-03,1.5666669607162476,1.5833330154418943,1.4583330154418943,1.5833330154418943,1.4210714101791382,18000
2003-09-04,1.5833330154418943,1.5833330154418943,1.5833330154418943,1.5833330154418943,1.4210714101791382,9600
2003-09-05,1.6208330392837524,1.6666669845581057,1.5841670036315918,1.6666669845581057,1.4958651065826416,27600
2003-09-08,1.7666670083999634,1.7666670083999634,1.6208330392837524,1.6208330392837524,1.454728364944458,20400
2003-09-09,1.625,1.7333329916000366,1.6166670322418213,1.6166670322418213,1.4509897232055664,6000
2003-09-10,1.7083330154418943,1.7374999523162842,1.7083330154418943,1.7374999523162842,1.559438943862915,19200
2003-09-11,1.7916669845581057,1.9583330154418943,1.7916669845581057,1.9583330154418943,1.7576409578323364,28800
2003-09-12,1.9166669845581052,1.9166669845581052,1.8333330154418943,1.8333330154418943,1.6454510688781738,26400
2003-09-15,1.9083329439163208,1.9166669845581052,1.9083329439163208,1.9166669845581052,1.7202447652816772,15600
2003-09-16,1.9166669845581052,1.9166669845581052,1.9166669845581052,1.9166669845581052,1.7202447652816772,14400
2003-09-17,1.7916669845581057,1.7916669845581057,1.7916669845581057,1.7916669845581057,1.6080552339553833,4800
2003-09-18,1.8333330154418943,1.8333330154418943,1.8333330154418943,1.8333330154418943,1.6454510688781738,3600
2003-09-19,1.8416670560836792,1.9083329439163208,1.8416670560836792,1.9083329439163208,1.7127649784088137,19200
2003-09-22,1.8958330154418943,1.9166669845581052,1.7791670560836792,1.9166669845581052,1.7202447652816772,10800
2003-09-24,1.9166669845581052,1.9791669845581052,1.899999976158142,1.899999976158142,1.7052855491638184,22800
2003-09-25,1.975000023841858,2.0833330154418945,1.975000023841858,1.9791669845581052,1.7763395309448242,49200
2003-09-26,2.021667003631592,2.1458330154418945,2.0208330154418945,2.041666984558105,1.832434892654419,25200
2003-09-29,2.166666984558105,2.166666984558105,2.125,2.125,1.9072269201278689,18000
2003-09-30,2.0833330154418945,2.104166984558105,2.0833330154418945,2.104166984558105,1.8885297775268557,7200
2003-10-01,2.0833330154418945,2.2083330154418945,2.0833330154418945,2.2083330154418945,1.982020616531372,22800
2003-10-02,2.2874999046325684,2.291666984558105,2.2083330154418945,2.25,2.0194180011749268,8400
2003-10-03,2.250833034515381,2.250833034515381,2.25,2.25,2.0194180011749268,6000
2003-10-06,2.25,2.604166984558105,2.25,2.479166984558105,2.225100040435791,44400
2003-10-07,2.578332901000977,2.578332901000977,2.3458330631256104,2.3458330631256104,2.105429172515869,50400
2003-10-08,2.291666984558105,2.291666984558105,1.9833329916000368,2.0916669368743896,1.877310276031494,40800
2003-10-09,2.0916669368743896,2.166666984558105,2.0833330154418945,2.166666984558105,1.944624662399292,20400
2003-10-10,2.166666984558105,2.245832920074463,2.1458330154418945,2.1458330154418945,1.9259248971939087,21600
2003-10-14,2.1458330154418945,2.1458330154418945,2.0833330154418945,2.0833330154418945,1.8698307275772093,9600
2003-10-15,2.0625,2.0625,2.0208330154418945,2.041666984558105,1.832434892654419,19200
2003-10-16,1.9166669845581052,1.9166669845581052,1.8583329916000368,1.8583329916000368,1.667888641357422,12000
2003-10-17,1.884166955947876,1.9833329916000368,1.884166955947876,1.9833329916000368,1.780079007148743,14400
2003-10-20,2.075000047683716,2.075000047683716,1.9208329916000368,1.9208329916000368,1.7239841222763062,9600
2003-10-21,2.0833330154418945,2.0833330154418945,2.0833330154418945,2.0833330154418945,1.8698307275772093,4800
2003-10-22,2.0833330154418945,2.0833330154418945,2.0833330154418945,2.0833330154418945,1.8698307275772093,12000
2003-10-23,2.025000095367432,2.025000095367432,2.0,2.0,1.7950379848480225,7200
2003-10-24,1.9583330154418943,2.0833330154418945,1.9583330154418943,2.0833330154418945,1.8698307275772093,3600
2003-10-27,2.0824999809265137,2.0824999809265137,1.9583330154418943,1.9791669845581052,1.7763395309448242,14400
2003-10-29,2.0,2.0,1.9583330154418943,1.9583330154418943,1.7576409578323364,4800
2003-10-30,2.004167079925537,2.075000047683716,2.0,2.075000047683716,1.8623511791229248,12000
2003-10-31,2.0833330154418945,2.0833330154418945,2.0208330154418945,2.0833330154418945,1.8698307275772093,8400
2003-11-03,2.041666984558105,2.0833330154418945,2.0333330631256104,2.0333330631256104,1.824954867362976,14400
2003-11-04,2.0333330631256104,2.0333330631256104,2.0333330631256104,2.0333330631256104,1.824954867362976,0
2003-11-07,2.045833110809326,2.045833110809326,2.041666984558105,2.041666984558105,1.832434892654419,15600
2003-11-10,2.041666984558105,2.041666984558105,2.041666984558105,2.041666984558105,1.832434892654419,13200
2003-11-13,1.9841669797897337,2.0,1.9833329916000368,2.0,1.7950379848480225,24000
2003-11-17,2.0,2.0,2.0,2.0,1.7950379848480225,1200
2003-11-18,2.0,2.1166670322418213,1.9583330154418943,2.1166670322418213,1.89974844455719,14400
2003-11-19,2.375,2.375,2.0,2.0625,1.8511327505111692,91200
2003-11-20,2.125,2.125,2.1166670322418213,2.1166670322418213,1.89974844455719,7200
2003-11-21,2.0833330154418945,2.0833330154418945,2.0208330154418945,2.0208330154418945,1.8137356042861936,3600
2003-11-24,2.041666984558105,2.0999999046325684,2.041666984558105,2.0999999046325684,1.8847893476486208,10800
2003-11-25,2.0333330631256104,2.0333330631256104,2.0,2.0,1.7950379848480225,39600
2003-11-26,2.0,2.0,2.0,2.0,1.7950379848480225,0
2003-11-27,2.0,2.0,2.0,2.0,1.7950379848480225,7200
2003-11-28,2.0,2.0,1.9916670322418213,2.0,1.7950379848480225,50400
2003-12-02,2.041666984558105,2.1166670322418213,2.041666984558105,2.1166670322418213,1.89974844455719,8400
2003-12-03,2.0708329677581787,2.0708329677581787,2.0708329677581787,2.0708329677581787,1.858612418174744,2400
2003-12-04,2.079166889190674,2.079166889190674,2.075000047683716,2.075000047683716,1.8623511791229248,4800
2003-12-05,2.045833110809326,2.066667079925537,2.041666984558105,2.041666984558105,1.832434892654419,6000
2003-12-09,2.0808329582214355,2.0833330154418945,2.041666984558105,2.041666984558105,1.832434892654419,18000
2003-12-10,2.041666984558105,2.041666984558105,2.041666984558105,2.041666984558105,1.832434892654419,19200
2003-12-11,1.962499976158142,1.962499976158142,1.962499976158142,1.962499976158142,1.7613804340362549,2400
2003-12-12,2.0833330154418945,2.125,2.016666889190674,2.016666889190674,1.8099969625473025,10800
2003-12-15,2.104166984558105,2.104166984558105,2.049999952316284,2.049999952316284,1.839914321899414,4800
2003-12-16,2.041666984558105,2.041666984558105,2.041666984558105,2.041666984558105,1.832434892654419,141600
2003-12-17,2.125,2.125,2.125,2.125,1.9072269201278689,1200
2003-12-18,2.045833110809326,2.125,2.0333330631256104,2.125,1.9072269201278689,36000
2003-12-19,2.0333330631256104,2.141666889190674,2.0,2.141666889190674,1.922187089920044,36000
2003-12-22,2.25,2.25,2.0833330154418945,2.0833330154418945,1.8698307275772093,25200
2003-12-23,2.041666984558105,2.125,2.041666984558105,2.125,1.9072269201278689,8400
2003-12-24,2.0374999046325684,2.137500047683716,2.0,2.137500047683716,1.9184470176696775,9600
2003-12-30,2.1166670322418213,2.137500047683716,2.049999952316284,2.058332920074463,1.847393035888672,13200
2004-01-02,2.049999952316284,2.049999952316284,2.049999952316284,2.049999952316284,1.839914321899414,3600
2004-01-05,2.049999952316284,2.049999952316284,2.049999952316284,2.049999952316284,1.839914321899414,49200
2004-01-06,2.049999952316284,2.104166984558105,2.049999952316284,2.104166984558105,1.8885297775268557,6000
2004-01-07,2.0916669368743896,2.0916669368743896,2.0916669368743896,2.0916669368743896,1.877310276031494,2400
2004-01-09,2.125,2.125,2.0916669368743896,2.0916669368743896,1.877310276031494,19200
2004-01-12,2.166666984558105,2.166666984558105,2.166666984558105,2.166666984558105,1.944624662399292,4800
2004-01-13,2.0999999046325684,2.0999999046325684,2.041666984558105,2.041666984558105,1.832434892654419,13200
2004-01-14,2.166666984558105,2.2083330154418945,2.0833330154418945,2.0833330154418945,1.8698307275772093,15600
2004-01-15,2.0708329677581787,2.0708329677581787,2.0708329677581787,2.0708329677581787,1.858612418174744,1200
2004-01-16,2.122499942779541,2.122499942779541,2.1166670322418213,2.1166670322418213,1.89974844455719,3600
2004-01-19,2.120832920074463,2.120832920074463,2.120832920074463,2.120832920074463,1.9034873247146609,6000
2004-01-20,2.120832920074463,2.120832920074463,2.120832920074463,2.120832920074463,1.9034873247146609,7200
2004-01-22,2.0833330154418945,2.120832920074463,2.0833330154418945,2.120832920074463,1.9034873247146609,9600
2004-01-23,2.120832920074463,2.120832920074463,2.120832920074463,2.120832920074463,1.9034873247146609,2400
2004-01-26,2.125,2.125,2.125,2.125,1.9072269201278689,6000
2004-01-27,2.108333110809326,2.108333110809326,2.108333110809326,2.108333110809326,1.8922691345214844,2400
2004-01-28,2.104166984558105,2.108333110809326,2.104166984558105,2.108333110809326,1.8922691345214844,12000
2004-01-30,2.045833110809326,2.0625,2.045833110809326,2.0625,1.8511327505111692,6000
2004-02-02,2.0208330154418945,2.0208330154418945,2.0208330154418945,2.0208330154418945,1.8137356042861936,2400
2004-02-03,2.112499952316284,2.112499952316284,2.0625,2.0625,1.8511327505111692,7200
2004-02-04,2.045833110809326,2.045833110809326,2.045833110809326,2.045833110809326,1.8361735343933103,4800
2004-02-05,2.108333110809326,2.108333110809326,2.108333110809326,2.108333110809326,1.8922691345214844,1200
2004-02-06,2.045833110809326,2.045833110809326,2.045833110809326,2.045833110809326,1.8361735343933103,0
2004-02-09,2.108333110809326,2.108333110809326,2.108333110809326,2.108333110809326,1.8922691345214844,25200
2004-02-10,2.1166670322418213,2.1958329677581787,2.1166670322418213,2.1958329677581787,1.970801830291748,15600
2004-02-11,2.150000095367432,2.2708330154418945,2.150000095367432,2.25,2.0194180011749268,73200
2004-02-12,2.2416670322418213,2.2416670322418213,2.2416670322418213,2.2416670322418213,2.0119378566741943,3600
2004-02-13,2.150000095367432,2.150000095367432,2.150000095367432,2.150000095367432,1.9296661615371704,12000
2004-02-16,2.150000095367432,2.2249999046325684,2.150000095367432,2.2249999046325684,1.996978998184204,8400
2004-02-17,2.2083330154418945,2.2083330154418945,2.170833110809326,2.170833110809326,1.948364019393921,12000
2004-02-18,2.166666984558105,2.166666984558105,2.166666984558105,2.166666984558105,1.944624662399292,12000
2004-02-19,2.136667013168335,2.1583330631256104,2.136667013168335,2.1583330631256104,1.937144160270691,12000
2004-02-20,2.1583330631256104,2.1583330631256104,2.1583330631256104,2.1583330631256104,1.937144160270691,4800
2004-02-23,2.1583330631256104,2.1583330631256104,2.1583330631256104,2.1583330631256104,1.937144160270691,0
2004-02-24,2.237499952316284,2.237499952316284,2.237499952316284,2.237499952316284,2.0081980228424072,4800
2004-02-25,2.174999952316284,2.174999952316284,2.174999952316284,2.174999952316284,1.9521034955978396,1200
2004-02-26,2.245832920074463,2.25,2.191667079925537,2.191667079925537,1.9670631885528564,8400
2004-02-27,2.191667079925537,2.191667079925537,2.191667079925537,2.191667079925537,1.9670631885528564,0
2004-03-01,2.291666984558105,2.3575000762939453,2.291666984558105,2.3125,2.0755131244659424,12000
2004-03-02,2.2925000190734863,2.2925000190734863,2.2925000190734863,2.2925000190734863,2.057562351226806,2400
2004-03-03,2.3333330154418945,2.3666670322418213,2.3125,2.3666670322418213,2.124128818511963,164400
2004-03-04,2.375,2.3958330154418945,2.3575000762939453,2.3858330249786377,2.141330480575561,144000
2004-03-05,2.3833329677581787,2.3833329677581787,2.375,2.375,2.1316068172454834,25200
2004-03-08,2.3958330154418945,2.4124999046325684,2.387500047683716,2.4124999046325684,2.165264368057251,478800
2004-03-09,2.4124999046325684,2.4124999046325684,2.4083330631256104,2.4083330631256104,2.1615240573883057,235200
2004-03-10,2.444166898727417,2.444166898727417,2.4083330631256104,2.4083330631256104,2.1615240573883057,391200
2004-03-11,2.4083330631256104,2.4083330631256104,2.375,2.375,2.1316068172454834,12000
2004-03-15,2.416666984558105,2.416666984558105,2.4141669273376465,2.4141669273376465,2.1667604446411133,2400
2004-03-16,2.362499952316284,2.362499952316284,2.045833110809326,2.045833110809326,1.8361735343933103,57600
2004-03-17,2.045833110809326,2.192500114440918,2.045833110809326,2.1166670322418213,1.89974844455719,48000
2004-03-18,2.112499952316284,2.125,2.0833330154418945,2.108333110809326,1.8922691345214844,28800
2004-03-19,2.137500047683716,2.137500047683716,2.137500047683716,2.137500047683716,1.9184470176696775,10800
2004-03-22,2.125,2.125,2.004167079925537,2.004167079925537,1.79877769947052,40800
2004-03-23,2.057499885559082,2.057499885559082,2.012500047683716,2.012500047683716,1.8062570095062256,18000
2004-03-24,2.004167079925537,2.004167079925537,1.959167003631592,2.004167079925537,1.79877769947052,21600
2004-03-25,2.041666984558105,2.041666984558105,2.041666984558105,2.041666984558105,1.832434892654419,4800
2004-03-26,2.0833330154418945,2.0833330154418945,2.041666984558105,2.041666984558105,1.832434892654419,33600
2004-03-29,2.041666984558105,2.041666984558105,2.0208330154418945,2.0208330154418945,1.8137356042861936,62400
2004-03-30,2.0208330154418945,2.0208330154418945,2.0208330154418945,2.0208330154418945,1.8137356042861936,3600
2004-03-31,2.016666889190674,2.093333005905152,2.016666889190674,2.093333005905152,1.8788061141967771,46800
2004-04-01,2.075000047683716,2.0833330154418945,2.025000095367432,2.075000047683716,1.8623511791229248,224400
2004-04-02,2.049999952316284,2.129167079925537,2.039999961853028,2.129167079925537,1.9109675884246824,18000
2004-04-05,2.093333005905152,2.093333005905152,2.0833330154418945,2.0833330154418945,1.8698307275772093,10800
2004-04-06,2.034167051315308,2.045833110809326,2.034167051315308,2.045833110809326,1.8361735343933103,4800
2004-04-07,2.0708329677581787,2.0833330154418945,2.0625,2.0708329677581787,1.858612418174744,40800
2004-04-08,2.075000047683716,2.075000047683716,2.075000047683716,2.075000047683716,1.8623511791229248,1200
2004-04-12,2.076667070388794,2.076667070388794,2.041666984558105,2.041666984558105,1.832434892654419,3600
2004-04-13,2.0516669750213623,2.0516669750213623,2.0225000381469727,2.0225000381469727,1.8152320384979248,25200
2004-04-14,1.9208329916000368,2.0,1.900833010673523,2.0,1.7950379848480225,57600
2004-04-15,2.012500047683716,2.012500047683716,2.0,2.0083329677581787,1.8025164604187007,27600
2004-04-16,2.0541670322418213,2.0541670322418213,2.0541670322418213,2.0541670322418213,1.8436537981033323,1200
2004-04-19,2.0225000381469727,2.0225000381469727,2.0225000381469727,2.0225000381469727,1.8152320384979248,4800
2004-04-20,2.0225000381469727,2.0225000381469727,2.0225000381469727,2.0225000381469727,1.8152320384979248,0
2004-04-21,1.9958330392837524,1.9958330392837524,1.9958330392837524,1.9958330392837524,1.7912975549697876,6000
2004-04-22,2.058332920074463,2.058332920074463,2.0,2.0,1.7950379848480225,4800
2004-04-23,2.0374999046325684,2.0374999046325684,2.0374999046325684,2.0374999046325684,1.8286948204040527,12000
2004-04-26,2.041666984558105,2.041666984558105,2.041666984558105,2.041666984558105,1.832434892654419,1200
2004-04-27,2.0374999046325684,2.0374999046325684,1.9791669845581052,1.9791669845581052,1.7763395309448242,8400
2004-04-28,1.959167003631592,1.962499976158142,1.9583330154418943,1.9583330154418943,1.7576409578323364,13200
2004-04-29,2.0283329486846924,2.0625,2.0283329486846924,2.0625,1.8511327505111692,37200
2004-04-30,2.0,2.0,1.9791669845581052,1.9791669845581052,1.7763395309448242,24000
2004-05-03,1.950000047683716,1.950000047683716,1.941666960716248,1.9458329677581787,1.7464215755462646,26400
2004-05-04,1.9458329677581787,1.9458329677581787,1.9458329677581787,1.9458329677581787,1.7464215755462646,0
2004-05-05,2.000833034515381,2.000833034515381,2.000833034515381,2.000833034515381,1.7957861423492432,4800
2004-05-07,2.075000047683716,2.075000047683716,2.075000047683716,2.075000047683716,1.8623511791229248,0
2004-05-10,2.050832986831665,2.050832986831665,2.0199999809265137,2.0374999046325684,1.8286948204040527,91200
2004-05-11,1.9791669845581052,1.9791669845581052,1.9666670560836792,1.9666670560836792,1.7651209831237793,24000
2004-05-12,1.9375,1.9375,1.9166669845581052,1.9166669845581052,1.7202447652816772,12000
2004-05-14,1.950000047683716,1.950000047683716,1.950000047683716,1.950000047683716,1.7501614093780518,2400
2004-05-17,2.0083329677581787,2.0083329677581787,2.0083329677581787,2.0083329677581787,1.8025164604187007,7200
2004-05-18,2.0083329677581787,2.0083329677581787,2.0083329677581787,2.0083329677581787,1.8025164604187007,0
2004-05-25,1.9916670322418213,1.9916670322418213,1.9308329820632932,1.9308329820632932,1.7329593896865845,6000
2004-05-26,1.960832953453064,1.9616669416427608,1.960832953453064,1.9616669416427608,1.760633111000061,9600
2004-05-27,1.9683330059051516,2.0,1.9683330059051516,2.0,1.7950379848480225,30000
2004-05-28,2.000833034515381,2.000833034515381,1.9958330392837524,1.9958330392837524,1.7912975549697876,49200
2004-05-31,1.9375,1.9375,1.9375,1.9375,1.7389427423477173,1200
2004-06-01,1.9375,1.9375,1.9375,1.9375,1.7389427423477173,3600
2004-06-02,1.9916670322418213,1.9916670322418213,1.9341670274734497,1.9341670274734497,1.7359517812728882,25200
2004-06-03,1.982499957084656,1.982499957084656,1.982499957084656,1.982499957084656,1.779331088066101,2400
2004-06-04,1.997499942779541,1.997499942779541,1.997499942779541,1.997499942779541,1.792794108390808,1200
2004-06-07,1.9991669654846191,1.9991669654846191,1.975000023841858,1.9833329916000368,1.780079007148743,79200
2004-06-10,1.9924999475479128,1.9924999475479128,1.9358329772949217,1.9358329772949217,1.737446665763855,13200
2004-06-11,1.924999952316284,1.924999952316284,1.924999952316284,1.924999952316284,1.727723240852356,1200
2004-06-14,2.0083329677581787,2.0083329677581787,1.975000023841858,1.975000023841858,1.7725995779037476,3600
2004-06-15,1.941666960716248,1.941666960716248,1.941666960716248,1.941666960716248,1.7426823377609253,1200
2004-06-16,1.941666960716248,1.941666960716248,1.941666960716248,1.941666960716248,1.7426823377609253,0
2004-06-17,2.0208330154418945,2.0208330154418945,1.9541670083999636,1.9541670083999636,1.7539026737213137,4800
2004-06-18,1.9541670083999636,1.9541670083999636,1.9541670083999636,1.9541670083999636,1.7539026737213137,0
2004-06-21,1.9916670322418213,1.9916670322418213,1.9383330345153809,1.9383330345153809,1.7396905422210691,16800
2004-06-22,1.9375,2.0208330154418945,1.9375,2.0208330154418945,1.8137356042861936,15600
2004-06-23,2.0208330154418945,2.0208330154418945,2.0208330154418945,2.0208330154418945,1.8137356042861936,0
2004-06-24,1.9508329629898071,1.9508329629898071,1.9508329629898071,1.9508329629898071,1.7509095668792725,12000
2004-06-25,1.9166669845581052,1.9166669845581052,1.9166669845581052,1.9166669845581052,1.7202447652816772,3600
2004-06-28,1.9208329916000368,1.9208329916000368,1.8958330154418943,1.8958330154418943,1.7015459537506104,40800
2004-06-29,1.9375,1.941666960716248,1.9375,1.941666960716248,1.7426823377609253,4800
2004-06-30,1.925832986831665,1.9299999475479128,1.925832986831665,1.9299999475479128,1.7322111129760742,33600
2004-07-02,1.9041670560836792,1.9041670560836792,1.9041670560836792,1.9041670560836792,1.7090260982513428,1200
2004-07-05,1.9041670560836792,1.9041670560836792,1.9041670560836792,1.9041670560836792,1.7090260982513428,0
2004-07-13,1.9041670560836792,2.185832977294922,1.9041670560836792,2.185832977294922,1.961826205253601,57600
2004-07-14,2.139167070388794,2.2833330631256104,2.139167070388794,2.2141671180725098,1.98725688457489,132000
2004-07-15,2.229166984558105,2.229166984558105,2.229166984558105,2.229166984558105,2.000718593597412,12000
2004-07-16,2.2708330154418945,2.2708330154418945,2.25,2.25,2.0194180011749268,19200
2004-07-19,2.2833330631256104,2.3324999809265137,2.2833330631256104,2.3324999809265137,2.0934624671936035,10800
2004-07-20,2.3125,2.3125,2.3125,2.3125,2.0755131244659424,1200
2004-07-21,2.3324999809265137,2.3324999809265137,2.3324999809265137,2.3324999809265137,2.0934624671936035,0
2004-07-22,2.3125,2.3125,2.299999952316284,2.299999952316284,2.064293384552002,10800
2004-07-23,2.25,2.25,2.25,2.25,2.0194180011749268,12000
2004-07-27,2.25,2.25,2.229166984558105,2.245832920074463,2.0156772136688232,49200
2004-07-28,2.248332977294922,2.25,2.245832920074463,2.25,2.0194180011749268,19200
2004-07-29,2.25,2.271667003631592,2.25,2.271667003631592,2.0388636589050293,76800
2004-07-30,2.282500028610229,2.325000047683716,2.209167003631592,2.303333044052124,2.0672857761383057,597600
2004-08-03,2.3066670894622803,2.3066670894622803,2.291666984558105,2.291666984558105,2.056814670562744,10800
2004-08-04,2.308332920074463,2.308332920074463,2.308332920074463,2.308332920074463,2.07177209854126,247200
2004-08-05,2.3333330154418945,2.3333330154418945,2.3333330154418945,2.3333330154418945,2.094210386276245,1200
2004-08-06,2.266666889190674,2.291666984558105,2.266666889190674,2.291666984558105,2.056814670562744,4800
2004-08-09,2.2874999046325684,2.2874999046325684,2.2866671085357666,2.2874999046325684,2.053074598312378,150000
2004-08-10,2.2416670322418213,2.25,2.229166984558105,2.25,2.0194180011749268,18000
2004-08-12,2.2583329677581787,2.274167060852051,2.2583329677581787,2.262500047683716,2.030636548995972,61200
2004-08-13,2.262500047683716,2.262500047683716,2.262500047683716,2.262500047683716,2.030636548995972,2400
2004-08-16,2.2699999809265137,2.2708330154418945,2.2699999809265137,2.2708330154418945,2.0381150245666504,27600
2004-08-17,2.275000095367432,2.275000095367432,2.275000095367432,2.275000095367432,2.041855573654175,3600
2004-08-18,2.256666898727417,2.2791669368743896,2.256666898727417,2.2791669368743896,2.045595407485962,237600
2004-08-19,2.261667013168335,2.274167060852051,2.254167079925537,2.271667003631592,2.0388636589050293,21600
2004-08-20,2.2725000381469727,2.2725000381469727,2.271667003631592,2.271667003631592,2.0388636589050293,12000
2004-08-23,2.254167079925537,2.255000114440918,2.254167079925537,2.254167079925537,2.023157835006714,19200
2004-08-24,2.2833330631256104,2.3416669368743896,2.2833330631256104,2.3383328914642334,2.0986979007720947,2460000
2004-08-25,2.337500095367432,2.425832986831665,2.337500095367432,2.425832986831665,2.1772305965423584,24000
2004-08-26,2.386667013168335,2.4866669178009038,2.386667013168335,2.424999952316284,2.1764841079711914,25200
2004-08-27,2.442500114440918,2.4583330154418945,2.424999952316284,2.424999952316284,2.1764841079711914,20400
2004-08-30,2.375,2.4108328819274902,2.3616669178009038,2.3616669178009038,2.119641065597534,32400
2004-08-31,2.354166984558105,2.362499952316284,2.354166984558105,2.362499952316284,2.1203882694244385,16800
2004-09-01,2.362499952316284,2.375,2.3516669273376465,2.353332996368408,2.1121606826782227,26400
2004-09-02,2.31833291053772,2.375,2.31833291053772,2.3499999046325684,2.1091697216033936,252000
2004-09-03,2.3383328914642334,2.3575000762939453,2.31583309173584,2.3575000762939453,2.115901231765747,7200
2004-09-07,2.358333110809326,2.358333110809326,2.3333330154418945,2.3333330154418945,2.094210386276245,186000
2004-09-08,2.3333330154418945,2.358333110809326,2.3333330154418945,2.358333110809326,2.1166481971740723,44400
2004-09-09,2.370832920074463,2.370832920074463,2.3499999046325684,2.3499999046325684,2.1091697216033936,15600
2004-09-10,2.354166984558105,2.354166984558105,2.3499999046325684,2.3499999046325684,2.1091697216033936,8400
2004-09-13,2.337500095367432,2.343333005905152,2.337500095367432,2.343333005905152,2.1031856536865234,12000
2004-09-14,2.3499999046325684,2.3499999046325684,2.3491671085357666,2.3491671085357666,2.10842227935791,7200
2004-09-15,2.390832901000977,2.390832901000977,2.3491671085357666,2.3491671085357666,2.10842227935791,18000
2004-09-16,2.345000028610229,2.354166984558105,2.345000028610229,2.354166984558105,2.112910032272339,15600
2004-09-17,2.3666670322418213,2.375,2.3666670322418213,2.375,2.1316068172454834,15600
2004-09-20,2.3958330154418945,2.3958330154418945,2.3958330154418945,2.3958330154418945,2.150305986404419,1200
2004-09-21,2.390000104904175,2.390000104904175,2.390000104904175,2.390000104904175,2.145070075988769,6000
2004-09-22,2.387500047683716,2.3958330154418945,2.387500047683716,2.3958330154418945,2.150305986404419,9600
2004-09-23,2.428333044052124,2.441667079925537,2.428333044052124,2.441667079925537,2.1914429664611816,3600
2004-09-24,2.483333110809326,2.483333110809326,2.4583330154418945,2.4658329486846924,2.213131189346313,20400
2004-09-27,2.4766669273376465,2.4766669273376465,2.4766669273376465,2.4766669273376465,2.222855806350708,1200
2004-09-28,2.4708330631256104,2.487499952316284,2.4708330631256104,2.487499952316284,2.2325778007507324,20400
2004-09-29,2.4916670322418213,2.5199999809265137,2.4916670322418213,2.5199999809265137,2.261747360229492,1461600
2004-09-30,2.501667022705078,2.5208330154418945,2.501667022705078,2.5208330154418945,2.26249623298645,20400
2004-10-01,2.5291669368743896,2.5291669368743896,2.5291669368743896,2.5291669368743896,2.26997447013855,12000
2004-10-04,2.5333330631256104,2.5941669940948486,2.5333330631256104,2.593333005905152,2.3275649547576904,68400
2004-10-05,2.5358328819274902,2.579166889190674,2.5358328819274902,2.569166898727417,2.305875539779663,12000
2004-10-06,2.541666984558105,2.541666984558105,2.487499952316284,2.487499952316284,2.2325778007507324,55200
2004-10-07,2.4941670894622803,2.4941670894622803,2.462500095367432,2.462500095367432,2.2101402282714844,7200
2004-10-08,2.462500095367432,2.490000009536743,2.462500095367432,2.487499952316284,2.2325778007507324,10800
2004-10-12,2.487499952316284,2.495832920074463,2.487499952316284,2.495832920074463,2.240057468414306,3600
2004-10-13,2.495832920074463,2.495832920074463,2.4916670322418213,2.4916670322418213,2.236319303512573,4800
2004-10-14,2.4916670322418213,2.4916670322418213,2.4916670322418213,2.4916670322418213,2.236319303512573,0
2004-10-18,2.483333110809326,2.5,2.4825000762939453,2.4825000762939453,2.2280917167663574,15600
2004-10-19,2.4825000762939453,2.4825000762939453,2.479166984558105,2.479166984558105,2.225100040435791,6000
2004-10-20,2.483333110809326,2.483333110809326,2.483333110809326,2.483333110809326,2.2288382053375244,1200
2004-10-21,2.4708330631256104,2.4708330631256104,2.369999885559082,2.4266669750213623,2.1779792308807373,34800
2004-10-22,2.365000009536743,2.365000009536743,2.365000009536743,2.365000009536743,2.122631549835205,2400
2004-10-25,2.365000009536743,2.365000009536743,2.365000009536743,2.365000009536743,2.122631549835205,0
2004-10-26,2.4033329486846924,2.4033329486846924,2.4033329486846924,2.4033329486846924,2.157036781311035,9600
2004-10-27,2.416666984558105,2.416666984558105,2.391666889190674,2.400000095367432,2.154045581817627,63600
2004-10-28,2.369999885559082,2.369999885559082,2.354166984558105,2.354166984558105,2.112910032272339,30000
2004-10-29,2.4375,2.4375,2.3408329486846924,2.3408329486846924,2.1009421348571777,21600
2004-11-01,2.370832920074463,2.375,2.370832920074463,2.375,2.1316068172454834,33600
2004-11-02,2.391666889190674,2.4116671085357666,2.391666889190674,2.4116671085357666,2.1645164489746094,116400
2004-11-03,2.479166984558105,2.500833034515381,2.479166984558105,2.500833034515381,2.244544744491577,15600
2004-11-04,2.479166984558105,2.479166984558105,2.479166984558105,2.479166984558105,2.225100040435791,13200
2004-11-05,2.515832901000977,2.515832901000977,2.479166984558105,2.498332977294922,2.2423019409179688,48000
2004-11-08,2.4691669940948486,2.4691669940948486,2.4583330154418945,2.4583330154418945,2.206400156021118,15600
2004-11-09,2.541666984558105,2.541666984558105,2.541666984558105,2.541666984558105,2.2811944484710693,1200
2004-11-10,2.5133330821990967,2.5133330821990967,2.499166965484619,2.499166965484619,2.243051290512085,4800
2004-11-11,2.5374999046325684,2.557499885559082,2.5374999046325684,2.541666984558105,2.2811944484710693,103200
2004-11-12,2.541666984558105,2.541666984558105,2.541666984558105,2.541666984558105,2.2811944484710693,0
2004-11-15,2.5,2.5,2.490833044052124,2.490833044052124,2.235570192337036,15600
2004-11-16,2.4583330154418945,2.4916670322418213,2.4583330154418945,2.4916670322418213,2.236319303512573,175200
2004-11-17,2.6016669273376465,2.69083309173584,2.5999999046325684,2.6624999046325684,2.38964319229126,75600
2004-11-18,2.684999942779541,2.684999942779541,2.6624999046325684,2.6624999046325684,2.38964319229126,14400
2004-11-19,2.666666984558105,2.666666984558105,2.663332939147949,2.663332939147949,2.3903913497924805,26400
2004-11-22,2.666666984558105,2.666666984558105,2.666666984558105,2.666666984558105,2.39338493347168,32400
2004-11-23,2.666666984558105,2.6675000190734863,2.666666984558105,2.6675000190734863,2.394132614135742,6000
2004-11-24,2.682499885559082,2.682499885559082,2.6608328819274902,2.6608328819274902,2.3881478309631348,28800
2004-11-25,2.6983330249786377,2.748332977294922,2.6983330249786377,2.748332977294922,2.4666805267333984,18000
2004-11-26,2.748332977294922,2.791666984558105,2.748332977294922,2.788332939147949,2.5025806427001958,24000
2004-11-29,2.75,2.75,2.749166965484619,2.749166965484619,2.467427968978882,10800
2004-11-30,2.748332977294922,2.748332977294922,2.68416690826416,2.7158329486846924,2.43751072883606,8400
2004-12-01,2.730833053588867,2.730833053588867,2.7300000190734863,2.7300000190734863,2.4502270221710205,9600
2004-12-02,2.6875,2.737499952316284,2.6875,2.737499952316284,2.456958055496216,15600
2004-12-03,2.7833330631256104,2.7833330631256104,2.738332986831665,2.7583329677581787,2.475656747817993,20400
2004-12-06,2.7708330154418945,2.7966670989990234,2.7699999809265137,2.789999961853028,2.504079818725586,34800
2004-12-07,2.7891669273376465,2.7891669273376465,2.7891669273376465,2.7891669273376465,2.503331184387207,12000
2004-12-08,2.747499942779541,2.747499942779541,2.74666690826416,2.74666690826416,2.4651849269866943,12000
2004-12-09,2.7758328914642334,2.853332996368408,2.7758328914642334,2.821666955947876,2.5324997901916504,14400
2004-12-10,2.837500095367432,2.837500095367432,2.837500095367432,2.837500095367432,2.546710729598999,6000
2004-12-13,2.754167079925537,2.754167079925537,2.754167079925537,2.754167079925537,2.4719178676605225,1200
2004-12-14,2.8458330631256104,2.858333110809326,2.8458330631256104,2.858333110809326,2.5654072761535645,3600
2004-12-15,2.858333110809326,2.858333110809326,2.858333110809326,2.858333110809326,2.5654072761535645,0
2004-12-16,2.829166889190674,2.829166889190674,2.829166889190674,2.829166889190674,2.5392308235168457,6000
2004-12-17,2.870832920074463,2.9083330631256104,2.870832920074463,2.907500028610229,2.6095361709594727,20400
2004-12-20,2.987499952316284,2.987499952316284,2.983333110809326,2.983333110809326,2.677597999572754,9600
2004-12-21,2.932499885559082,2.983333110809326,2.932499885559082,2.983333110809326,2.677597999572754,10800
2004-12-22,3.079166889190674,3.079166889190674,3.079166889190674,3.079166889190674,2.763610363006592,1200
2004-12-23,3.0833330154418945,3.0833330154418945,3.0824999809265137,3.0824999809265137,2.7666015625,4800
2004-12-24,3.0824999809265137,3.0824999809265137,3.0824999809265137,3.0824999809265137,2.7666015625,0
2004-12-30,3.081666946411133,3.081666946411133,2.8350000381469727,3.075000047683716,2.759871006011963,8400
2004-12-31,2.933332920074463,2.933332920074463,2.933332920074463,2.933332920074463,2.632721185684204,2400
2005-01-04,2.994999885559082,2.994999885559082,2.9583330154418945,2.9583330154418945,2.655159473419189,6000
2005-01-05,2.961667060852051,3.012500047683716,2.961667060852051,3.012500047683716,2.703775644302368,19200
2005-01-06,3.0333330631256104,3.0333330631256104,2.977499961853028,2.977499961853028,2.6723625659942627,32400
2005-01-07,2.9633328914642334,2.9633328914642334,2.9633328914642334,2.9633328914642334,2.659647226333618,3600
2005-01-10,3.025000095367432,3.025000095367432,3.025000095367432,3.025000095367432,2.7149949073791504,13200
2005-01-11,3.0,3.0,3.0,3.0,2.692556858062744,1200
2005-01-12,2.9733328819274902,2.980833053588867,2.9583330154418945,2.9583330154418945,2.655159473419189,42000
2005-01-13,2.9583330154418945,2.9825000762939453,2.9583330154418945,2.9825000762939453,2.676849603652954,10800
2005-01-14,2.999166965484619,3.141666889190674,2.999166965484619,3.125,2.8047471046447754,8400
2005-01-17,3.200000047683716,3.200000047683716,3.170833110809326,3.183332920074463,2.8571014404296875,21600
2005-01-18,3.174999952316284,3.2083330154418945,3.174999952316284,3.1958329677581787,2.8683199882507324,10800
2005-01-19,3.186666965484619,3.19333291053772,3.1691670417785645,3.1691670417785645,2.8443875312805176,42000
2005-01-20,3.2416670322418213,3.2583329677581787,3.2166669368743896,3.2366669178009038,2.904969930648804,70800
2005-01-21,3.238332986831665,3.238332986831665,3.2208330631256104,3.2208330631256104,2.890758514404297,28800
2005-01-24,3.262500047683716,3.262500047683716,3.262500047683716,3.262500047683716,2.9281551837921143,2400
2005-01-25,3.228332996368408,3.228332996368408,3.228332996368408,3.228332996368408,2.897488832473755,3600
2005-01-26,3.229166984558105,3.229166984558105,3.229166984558105,3.229166984558105,2.898237943649292,1200
2005-01-27,3.2583329677581787,3.2891669273376465,3.233333110809326,3.2891669273376465,2.952089309692383,7200
2005-01-28,3.2833330631256104,3.2833330631256104,3.233333110809326,3.233333110809326,2.9019784927368164,14400
2005-01-31,3.2441670894622803,3.290832996368408,3.2441670894622803,3.290832996368408,2.953585386276245,52800
2005-02-01,3.291666984558105,3.291666984558105,3.2725000381469727,3.2783329486846924,2.9423654079437256,92400
2005-02-02,3.266666889190674,3.305000066757202,3.266666889190674,3.305000066757202,2.9663009643554688,14400
2005-02-03,3.313333034515381,3.313333034515381,3.2816669940948486,3.307499885559082,2.9685447216033936,30000
2005-02-04,3.416666984558105,3.416666984558105,3.319166898727417,3.3350000381469727,2.993225336074829,61200
2005-02-07,3.4583330154418945,3.4583330154418945,3.2699999809265137,3.2699999809265137,2.9348862171173096,33600
2005-02-08,3.309999942779541,3.3208329677581787,3.291666984558105,3.3208329677581787,2.9805104732513428,39600
2005-02-09,3.3333330154418945,3.3333330154418945,3.250833034515381,3.269166946411133,2.9341394901275635,14400
2005-02-10,3.3333330154418945,3.3333330154418945,3.166666984558105,3.190000057220459,2.8630847930908203,36000
2005-02-11,3.174999952316284,3.174999952316284,3.024167060852051,3.0999999046325684,2.782308578491211,14400
2005-02-14,3.0999999046325684,3.1583330631256104,3.0999999046325684,3.1333329677581787,2.812224864959717,15600
2005-02-15,3.166666984558105,3.18416690826416,3.1608328819274902,3.18416690826416,2.8578498363494877,13200
2005-02-16,3.174999952316284,3.174999952316284,3.125,3.125,2.8047471046447754,13200
2005-02-17,3.174999952316284,3.174999952316284,3.125,3.1424999237060547,2.8204541206359863,10800
2005-02-18,3.166666984558105,3.209167003631592,3.166666984558105,3.209167003631592,2.8802881240844727,12000
2005-02-21,3.2174999713897705,3.2416670322418213,3.2166669368743896,3.2416670322418213,2.9094574451446533,16800
2005-02-22,3.2416670322418213,3.2416670322418213,3.2416670322418213,3.2416670322418213,2.9094574451446533,0
2005-02-23,3.0958330631256104,3.104166984558105,3.0958330631256104,3.104166984558105,2.786048889160156,3600
2005-02-24,3.0833330154418945,3.103332996368408,3.0833330154418945,3.103332996368408,2.7853000164031982,6000
2005-02-25,3.1675000190734863,3.2708330154418945,3.1675000190734863,3.2583329677581787,2.9244158267974854,15600
2005-02-28,3.233333110809326,3.25,3.2191669940948486,3.229166984558105,2.898237943649292,22800
2005-03-01,3.3333330154418945,3.3333330154418945,3.3333330154418945,3.3333330154418945,2.991729497909546,7200
2005-03-02,3.3299999237060547,3.3299999237060547,3.3299999237060547,3.3299999237060547,2.988738775253296,3600
2005-03-03,3.337500095367432,3.365833044052124,3.313333034515381,3.313333034515381,2.9737777709960938,66000
2005-03-04,3.3666670322418213,3.3666670322418213,3.3333330154418945,3.3333330154418945,2.991729497909546,30000
2005-03-07,3.3333330154418945,3.3333330154418945,3.3125,3.319999933242798,2.979762315750122,6000
2005-03-08,3.368333101272583,3.368333101272583,2.949167013168335,3.1191670894622803,2.799511194229126,80400
2005-03-09,3.249166965484619,3.249166965484619,3.0333330631256104,3.0999999046325684,2.782308578491211,166800
2005-03-10,3.2083330154418945,3.2083330154418945,3.1166670322418213,3.166666984558105,2.8421437740325928,54000
2005-03-11,3.290832996368408,3.3324999809265137,3.166666984558105,3.3324999809265137,2.9909815788269043,52800
2005-03-14,3.3324999809265137,3.3324999809265137,3.3324999809265137,3.3324999809265137,2.9909815788269043,0
2005-03-15,3.25,3.25,3.166666984558105,3.25,2.916936159133911,18000
2005-03-16,3.266666889190674,3.3333330154418945,3.266666889190674,3.3333330154418945,2.991729497909546,13200
2005-03-17,3.3416669368743896,3.641666889190674,3.2583329677581787,3.581666946411133,3.214613437652588,44400
2005-03-18,3.581666946411133,3.581666946411133,3.581666946411133,3.581666946411133,3.214613437652588,8400
2005-03-21,3.581666946411133,3.616667032241821,3.581666946411133,3.608333110809326,3.238548517227173,7800
2005-03-22,3.5833330154418945,3.5833330154418945,3.416666984558105,3.416666984558105,3.066524028778076,17400
2005-03-23,3.2583329677581787,3.3333330154418945,3.2583329677581787,3.3333330154418945,2.991729497909546,2400
2005-03-24,3.416666984558105,3.416666984558105,3.416666984558105,3.416666984558105,3.066524028778076,5400
2005-03-28,3.416666984558105,3.416666984558105,3.3333330154418945,3.3333330154418945,2.991729497909546,7800
2005-03-29,3.450000047683716,3.450000047683716,3.291666984558105,3.291666984558105,2.954333543777466,9000
2005-03-30,3.291666984558105,3.3333330154418945,3.291666984558105,3.308332920074463,2.96929144859314,15600
2005-03-31,3.400000095367432,3.400000095367432,3.3333330154418945,3.3333330154418945,2.991729497909546,15000
2005-04-01,3.400000095367432,3.400000095367432,3.166666984558105,3.166666984558105,2.8421437740325928,4200
2005-04-04,3.184999942779541,3.3333330154418945,3.184999942779541,3.3333330154418945,2.991729497909546,10200
2005-04-05,3.3333330154418945,3.3333330154418945,3.3333330154418945,3.3333330154418945,2.991729497909546,8400
2005-04-06,3.3333330154418945,3.4583330154418945,3.3333330154418945,3.4583330154418945,3.103920221328736,22200
2005-04-07,3.50333309173584,3.6333329677581783,3.450000047683716,3.625,3.253506183624268,13200
2005-04-08,3.616667032241821,3.616667032241821,3.4666669368743896,3.5,3.1413164138793945,15000
2005-04-11,3.4916670322418213,3.4916670322418213,3.4916670322418213,3.4916670322418213,3.1338367462158203,3000
2005-04-12,3.566667079925537,3.6333329677581783,3.5,3.6333329677581783,3.2609856128692627,46200
2005-04-13,3.631666898727417,3.631666898727417,3.625,3.625,3.253506183624268,4800
2005-04-14,3.5,3.5,3.3333330154418945,3.375,3.029125690460205,113400
2005-04-15,3.3333330154418945,3.3333330154418945,3.174999952316284,3.174999952316284,2.8496227264404297,17400
2005-04-18,3.166666984558105,3.311666965484619,3.126667022705078,3.126667022705078,2.8062431812286377,13200
2005-04-19,3.166666984558105,3.166666984558105,3.1166670322418213,3.1166670322418213,2.79726791381836,33000
2005-04-20,3.1166670322418213,3.416666984558105,3.1166670322418213,3.1333329677581787,2.812224864959717,42000
2005-04-21,3.3333330154418945,3.3333330154418945,3.164999961853028,3.2166669368743896,2.8870201110839844,10800
2005-04-22,3.200000047683716,3.25,3.200000047683716,3.2083330154418945,2.879540205001831,25800
2005-04-25,3.2083330154418945,3.3333330154418945,3.2083330154418945,3.3333330154418945,2.991729497909546,12000
2005-04-26,3.4083330631256104,3.5999999046325684,3.4083330631256104,3.541666984558105,3.1787126064300537,24600
2005-04-27,3.5,3.558332920074463,3.363332986831665,3.558332920074463,3.193671464920044,24600
2005-04-28,3.566667079925537,3.566667079925537,3.5,3.566667079925537,3.201151132583618,6600
2005-04-29,3.400000095367432,3.5833330154418945,3.400000095367432,3.5833330154418945,3.2161099910736084,10800
2005-05-02,3.6583330631256095,3.6583330631256095,3.5833330154418945,3.5833330154418945,3.2161099910736084,19800
2005-05-03,3.5833330154418945,3.6583330631256095,3.5833330154418945,3.5833330154418945,3.2161099910736084,11400
2005-05-04,3.416666984558105,3.5833330154418945,3.416666984558105,3.416666984558105,3.066524028778076,24000
2005-05-05,3.541666984558105,3.625,3.375,3.375,3.029125690460205,18000
2005-05-06,3.375,3.375,3.375,3.375,3.029125690460205,0
2005-05-09,3.368333101272583,3.368333101272583,3.368333101272583,3.368333101272583,3.0231428146362305,4800
2005-05-10,3.400000095367432,3.416666984558105,3.3833329677581787,3.416666984558105,3.066524028778076,14400
2005-05-11,3.5,3.5,3.5,3.5,3.1413164138793945,2400
2005-05-12,3.5,3.5,3.400000095367432,3.400000095367432,3.051564216613769,7800
2005-05-13,3.5,3.5,3.5,3.5,3.1413164138793945,1800
2005-05-16,3.5,3.5,3.358333110809326,3.358333110809326,3.0141677856445312,9600
2005-05-17,3.375,3.5,3.3666670322418213,3.5,3.1413164138793945,4800
2005-05-18,3.566667079925537,3.566667079925537,3.566667079925537,3.566667079925537,3.201151132583618,3000
2005-05-19,3.566667079925537,3.566667079925537,3.566667079925537,3.566667079925537,3.201151132583618,0
2005-05-20,3.3949999809265137,3.416666984558105,3.3833329677581787,3.3833329677581787,3.0366055965423584,9000
2005-05-24,3.3833329677581787,3.3833329677581787,3.3833329677581787,3.3833329677581787,3.0366055965423584,0
2005-05-25,3.390000104904175,3.390000104904175,3.390000104904175,3.390000104904175,3.042588233947754,2400
2005-05-26,3.5,3.525000095367432,3.5,3.5,3.1413164138793945,19200
2005-05-27,3.416666984558105,3.416666984558105,3.416666984558105,3.416666984558105,3.066524028778076,1200
2005-05-30,3.433332920074463,3.433332920074463,3.424999952316284,3.424999952316284,3.074002265930176,4200
2005-05-31,3.424999952316284,3.450000047683716,3.424999952316284,3.450000047683716,3.096439838409424,6000
2005-06-01,3.5833330154418945,3.6333329677581783,3.5833330154418945,3.5916669368743896,3.223588705062866,21600
2005-06-02,3.6566669940948486,3.775000095367432,3.634999990463257,3.684999942779541,3.307357788085937,24600
2005-06-03,3.816667079925537,3.816667079925537,3.816667079925537,3.816667079925537,3.4255311489105225,1200
2005-06-06,3.816667079925537,3.816667079925537,3.816667079925537,3.816667079925537,3.4255311489105225,0
2005-06-08,3.75,3.875,3.75,3.875,3.4778854846954346,7200
2005-06-09,3.990000009536743,4.033332824707031,3.990000009536743,4.033332824707031,3.619993209838867,5400
2005-06-10,4.033332824707031,4.033332824707031,4.033332824707031,4.033332824707031,3.619993209838867,0
2005-06-13,3.900000095367432,4.033332824707031,3.900000095367432,3.900000095367432,3.5003228187561035,3000
2005-06-14,4.083333015441895,4.083333015441895,4.083333015441895,4.083333015441895,3.6648688316345215,2400
2005-06-15,4.00333309173584,4.1666669845581055,4.00333309173584,4.1666669845581055,3.739662408828736,15000
2005-06-16,4.300000190734863,4.300000190734863,4.25,4.25,3.814453840255737,12600
2005-06-17,4.170000076293945,4.258333206176758,4.170000076293945,4.258333206176758,3.821934223175049,19200
2005-06-20,4.2916669845581055,4.333333015441895,4.2916669845581055,4.333333015441895,3.889248371124268,811800
2005-06-21,4.333333015441895,4.4166669845581055,4.333333015441895,4.333333015441895,3.889248371124268,16800
2005-06-22,4.333333015441895,4.581666946411133,4.333333015441895,4.550000190734863,4.08371114730835,144600
2005-06-23,4.708333015441895,4.708333015441895,4.5,4.508333206176758,4.046314716339111,11400
2005-06-24,4.5,4.5,4.5,4.5,4.0388360023498535,1200
2005-06-27,4.5,4.5,4.418333053588867,4.418333053588867,3.965536117553711,15600
2005-06-28,4.4166669845581055,4.418333053588867,4.083333015441895,4.233333110809326,3.799495935440064,487800
2005-06-29,4.091667175292969,4.091667175292969,4.059999942779541,4.059999942779541,3.643928050994873,14400
2005-06-30,3.9166669845581055,3.9166669845581055,3.7583329677581783,3.7833330631256095,3.395613193511963,11400
2005-07-04,3.7833330631256095,3.7833330631256095,3.7833330631256095,3.7833330631256095,3.395613193511963,1200
2005-07-05,3.775000095367432,3.775000095367432,3.775000095367432,3.775000095367432,3.3881332874298096,7800
2005-07-06,3.933332920074463,3.954999923706055,3.8333330154418954,3.8333330154418954,3.440488576889038,21000
2005-07-07,4.081666946411133,4.081666946411133,4.081666946411133,4.081666946411133,3.663373708724976,1200
2005-07-08,4.081666946411133,4.081666946411133,4.081666946411133,4.081666946411133,3.663373708724976,3600
2005-07-11,4.081666946411133,4.081666946411133,4.081666946411133,4.081666946411133,3.663373708724976,1800
2005-07-12,4.066667079925537,4.066667079925537,4.058332920074463,4.058332920074463,3.6424307823181152,3600
2005-07-13,4.058332920074463,4.193333148956299,4.058332920074463,4.193333148956299,3.763595104217529,28200
2005-07-14,4.25,4.25,4.25,4.25,3.814453840255737,3600
2005-07-15,4.25,4.25,4.25,4.25,3.814453840255737,3000
2005-07-18,4.25,4.25,4.125,4.125,3.702265501022339,8400
2005-07-19,4.333333015441895,4.400000095367432,4.1666669845581055,4.1666669845581055,3.739662408828736,15600
2005-07-20,4.1666669845581055,4.349999904632568,4.1666669845581055,4.349999904632568,3.904206991195679,19200
2005-07-21,4.349999904632568,4.349999904632568,4.175000190734863,4.25,3.814453840255737,6000
2005-07-22,4.258333206176758,4.441667079925537,4.258333206176758,4.441667079925537,3.9864792823791504,2400
2005-07-25,4.366666793823242,4.376667022705078,4.366666793823242,4.376667022705078,3.9281413555145264,10200
2005-07-26,4.376667022705078,4.376667022705078,4.376667022705078,4.376667022705078,3.9281413555145264,0
2005-07-27,4.275000095367432,4.275000095367432,4.275000095367432,4.275000095367432,3.836894035339356,4800
2005-07-28,4.275000095367432,4.275000095367432,4.275000095367432,4.275000095367432,3.836894035339356,0
2005-07-29,4.366666793823242,4.366666793823242,4.366666793823242,4.366666793823242,3.919165849685669,1200
2005-08-02,4.358333110809326,4.408332824707031,4.358333110809326,4.408332824707031,3.95656156539917,6000
2005-08-03,4.406667232513428,4.406667232513428,4.406667232513428,4.406667232513428,3.955066680908203,2400
2005-08-04,4.275000095367432,4.275000095367432,4.275000095367432,4.275000095367432,3.836894035339356,1200
2005-08-05,4.275000095367432,4.275000095367432,4.266666889190674,4.266666889190674,3.829412698745728,5400
2005-08-08,4.403333187103272,4.403333187103272,4.25,4.25,3.814453840255737,5400
2005-08-09,4.099999904632568,4.333333015441895,4.099999904632568,4.25,3.814453840255737,13200
2005-08-10,4.101666927337647,4.25,4.101666927337647,4.25,3.814453840255737,4200
2005-08-11,4.408332824707031,4.5,4.375,4.375,3.9266457557678223,17400
2005-08-12,4.375,4.375,4.375,4.375,3.9266457557678223,0
2005-08-15,4.375,4.375,4.375,4.375,3.9266457557678223,3600
2005-08-17,4.091667175292969,4.283332824707031,4.091667175292969,4.283332824707031,3.844373226165772,4800
2005-08-18,4.25,4.25,4.25,4.25,3.814453840255737,4200
2005-08-19,4.25,4.25,4.25,4.25,3.814453840255737,0
2005-08-22,4.25,4.309999942779541,4.085000038146973,4.309999942779541,3.868306398391724,7800
2005-08-23,4.085000038146973,4.313333034515381,4.085000038146973,4.313333034515381,3.8712971210479736,6600
2005-08-24,4.4166669845581055,4.5,4.333333015441895,4.333333015441895,3.889248371124268,8400
2005-08-25,4.364999771118164,4.364999771118164,4.364999771118164,4.364999771118164,3.917669773101807,2400
2005-08-26,4.364999771118164,4.364999771118164,4.364999771118164,4.364999771118164,3.917669773101807,0
2005-08-29,4.168333053588867,4.375,4.168333053588867,4.375,3.9266457557678223,40800
2005-08-31,4.366666793823242,4.366666793823242,4.366666793823242,4.366666793823242,3.919165849685669,2400
2005-09-01,4.168333053588867,4.168333053588867,4.0,4.0,3.590075969696045,14400
2005-09-02,4.0,4.0,3.858333110809326,3.858333110809326,3.4629266262054443,9000
2005-09-06,3.858333110809326,4.0,3.858333110809326,4.0,3.590075969696045,17400
2005-09-07,4.1666669845581055,4.1666669845581055,3.876667022705078,4.065000057220459,3.648413419723511,11400
2005-09-08,4.164999961853027,4.164999961853027,4.164999961853027,4.164999961853027,3.7381668090820312,6000
2005-09-09,3.9583330154418954,3.9583330154418954,3.859999895095825,3.9583330154418954,3.552678108215332,5400
2005-09-12,4.1666669845581055,4.1666669845581055,4.0,4.0,3.590075969696045,39600
2005-09-13,4.099999904632568,4.099999904632568,3.858333110809326,3.858333110809326,3.4629266262054443,6000
2005-09-14,4.039999961853027,4.0416669845581055,4.039999961853027,4.0416669845581055,3.627471923828125,3000
2005-09-15,4.0416669845581055,4.083333015441895,4.0416669845581055,4.083333015441895,3.6648688316345215,6600
2005-09-16,4.083333015441895,4.083333015441895,4.083333015441895,4.083333015441895,3.6648688316345215,1200
2005-09-19,4.083333015441895,4.083333015441895,4.083333015441895,4.083333015441895,3.6648688316345215,0
2005-09-20,4.050000190734863,4.050000190734863,4.050000190734863,4.050000190734863,3.6349518299102783,1800
2005-09-22,4.050000190734863,4.050000190734863,3.875,4.048333168029785,3.633455514907837,5400
2005-09-23,3.876667022705078,3.876667022705078,3.876667022705078,3.876667022705078,3.479382038116455,1800
2005-09-26,4.048333168029785,4.048333168029785,4.048333168029785,4.048333168029785,3.633455514907837,1200
2005-09-27,4.050000190734863,4.050000190734863,4.050000190734863,4.050000190734863,3.6349518299102783,4800
2005-09-28,3.876667022705078,3.876667022705078,3.876667022705078,3.876667022705078,3.479382038116455,3000
2005-09-29,3.876667022705078,4.0,3.876667022705078,4.0,3.590075969696045,4200
2005-09-30,4.050000190734863,4.050000190734863,3.858333110809326,3.858333110809326,3.4629266262054443,3000
2005-10-03,3.858333110809326,3.858333110809326,3.858333110809326,3.858333110809326,3.4629266262054443,1200
2005-10-04,3.724999904632568,3.8983330726623535,3.700000047683716,3.8983330726623535,3.4988274574279785,12600
2005-10-05,3.8983330726623535,3.8983330726623535,3.8983330726623535,3.8983330726623535,3.4988274574279785,0
2005-10-06,3.8983330726623535,3.8983330726623535,3.700000047683716,3.700000047683716,3.32081937789917,9000
2005-10-07,3.7833330631256095,3.7833330631256095,3.7833330631256095,3.7833330631256095,3.395613193511963,600
2005-10-11,3.5833330154418945,3.625,3.5833330154418945,3.5833330154418945,3.2161099910736084,25200
2005-10-12,3.7083330154418954,3.7083330154418954,3.7083330154418954,3.7083330154418954,3.328298568725586,600
2005-10-13,3.7083330154418954,3.7083330154418954,3.5,3.6666669845581055,3.290903091430664,11400
2005-10-14,3.44333291053772,3.5,3.416666984558105,3.5,3.1413164138793945,6600
2005-10-17,3.424999952316284,3.5833330154418945,3.424999952316284,3.5833330154418945,3.2161099910736084,6000
2005-10-18,3.5833330154418945,3.5833330154418945,3.5833330154418945,3.5833330154418945,3.2161099910736084,1800
2005-10-19,3.5333330631256104,3.5333330631256104,3.5333330631256104,3.5333330631256104,3.171234607696533,3000
2005-10-20,3.7833330631256095,3.7833330631256095,3.6666669845581055,3.6666669845581055,3.290903091430664,3600
2005-10-21,3.7766671180725098,3.7766671180725098,3.438333034515381,3.438333034515381,3.0859689712524414,13800
2005-10-24,3.5999999046325684,3.5999999046325684,3.4583330154418945,3.5,3.1413164138793945,6000
2005-10-25,3.498332977294922,3.498332977294922,3.498332977294922,3.498332977294922,3.139820337295532,1200
2005-10-26,3.6666669845581055,3.6666669845581055,3.6666669845581055,3.6666669845581055,3.290903091430664,1200
2005-10-27,3.5833330154418945,3.5833330154418945,3.5566670894622803,3.5566670894622803,3.192176342010498,10200
2005-10-28,3.6666669845581055,3.6666669845581055,3.616667032241821,3.616667032241821,3.246028184890747,5400
2005-10-31,3.6766669750213614,3.6766669750213614,3.6666669845581055,3.6666669845581055,3.290903091430664,6000
2005-11-01,3.704999923706055,3.75,3.6666669845581055,3.75,3.3656959533691406,8400
2005-11-02,3.75,3.75,3.75,3.75,3.3656959533691406,0
2005-11-04,3.900000095367432,3.900000095367432,3.900000095367432,3.900000095367432,3.5003228187561035,1800
2005-11-07,3.875,3.875,3.875,3.875,3.4778854846954346,1200
2005-11-08,3.866667032241821,3.866667032241821,3.7583329677581783,3.7583329677581783,3.373175859451294,1800
2005-11-09,3.866667032241821,3.924999952316284,3.856667041778565,3.856667041778565,3.461431741714477,15000
2005-11-10,3.9166669845581055,3.9166669845581055,3.793333053588867,3.8333330154418954,3.440488576889038,7800
2005-11-11,3.9583330154418954,4.0,3.9083330631256095,3.9083330631256095,3.5078043937683105,30600
2005-11-14,4.074999809265137,4.25,3.9583330154418954,3.9583330154418954,3.552678108215332,10200
2005-11-15,3.9583330154418954,3.9583330154418954,3.9583330154418954,3.9583330154418954,3.552678108215332,0
2005-11-16,4.125,4.164999961853027,4.125,4.164999961853027,3.7381668090820312,8400
2005-11-17,4.208333015441895,4.25,4.208333015441895,4.208333015441895,3.7770586013793945,6000
2005-11-18,4.25,4.268332958221436,4.25,4.268332958221436,3.830909490585327,8400
2005-11-21,4.25,4.25,4.001667022705078,4.248332977294922,3.8129589557647705,4800
2005-11-22,4.034999847412109,4.164999961853027,4.034999847412109,4.164999961853027,3.741836309432984,4800
2005-11-23,4.25,4.25,4.1666669845581055,4.1666669845581055,3.7433342933654794,3000
2005-11-24,4.1666669845581055,4.1666669845581055,4.1666669845581055,4.1666669845581055,3.7433342933654794,0
2005-11-25,4.0,4.0,4.0,4.0,3.5936005115509038,3000
2005-11-28,4.125,4.1666669845581055,4.0416669845581055,4.1666669845581055,3.7433342933654794,29400
2005-11-29,4.224999904632568,4.224999904632568,4.010000228881836,4.010000228881836,3.602583885192871,4800
2005-11-30,4.206666946411133,4.208333015441895,4.206666946411133,4.208333015441895,3.7807655334472656,1800
2005-12-01,4.208333015441895,4.208333015441895,4.208333015441895,4.208333015441895,3.7807655334472656,0
2005-12-02,4.1666669845581055,4.1666669845581055,4.1666669845581055,4.1666669845581055,3.7433342933654794,600
2005-12-05,4.150000095367432,4.150000095367432,4.150000095367432,4.150000095367432,3.728359222412109,2400
2005-12-06,4.25,4.25,3.8350000381469727,3.950000047683716,3.548680067062378,28200
2005-12-07,3.849999904632568,3.933332920074463,3.849999904632568,3.9166669845581055,3.5187342166900635,7800
2005-12-08,4.0,4.0,3.924999952316284,3.99666690826416,3.5906052589416504,671400
2005-12-09,3.9600000381469727,3.961667060852051,3.836667060852051,3.9166669845581055,3.5187342166900635,3542400
2005-12-12,3.8350000381469727,3.8350000381469727,3.8333330154418954,3.8350000381469727,3.445364236831665,72000
2005-12-13,3.865000009536743,3.865000009536743,3.7816669940948486,3.808332920074463,3.4214067459106445,55200
2005-12-14,3.808332920074463,3.8833329677581783,3.75,3.766666889190674,3.383973360061645,27000
2005-12-15,3.875,3.875,3.766666889190674,3.766666889190674,3.383973360061645,20400
2005-12-16,3.8333330154418954,3.8333330154418954,3.766666889190674,3.766666889190674,3.383973360061645,4200
2005-12-19,3.829999923706055,3.829999923706055,3.7916669845581055,3.7916669845581055,3.406434774398804,4800
2005-12-20,3.7916669845581055,3.7916669845581055,3.7916669845581055,3.7916669845581055,3.406434774398804,0
2005-12-21,3.891666889190674,3.9483330249786377,3.891666889190674,3.9483330249786377,3.547183036804199,4200
2005-12-22,3.8833329677581783,3.8833329677581783,3.8833329677581783,3.8833329677581783,3.488785743713379,6600
2005-12-23,3.8833329677581783,3.896667003631592,3.8833329677581783,3.896667003631592,3.500765085220337,9000
2005-12-28,3.993333101272583,3.993333101272583,3.983333110809326,3.983333110809326,3.5786266326904297,9000
2005-12-29,3.991667032241821,3.991667032241821,3.900000095367432,3.981667041778565,3.5771303176879883,24000
2005-12-30,3.998332977294922,3.998332977294922,3.900000095367432,3.900000095367432,3.5037596225738525,3000
2006-01-03,3.933332920074463,4.039999961853027,3.933332920074463,4.0,3.5936005115509038,5400
2006-01-04,4.0416669845581055,4.116666793823242,4.0,4.025000095367432,3.616060972213745,16200
2006-01-05,4.025000095367432,4.025000095367432,4.025000095367432,4.025000095367432,3.616060972213745,0
2006-01-06,4.061666965484619,4.063333034515381,4.061666965484619,4.063333034515381,3.650497913360596,1800
2006-01-09,4.083333015441895,4.083333015441895,4.083333015441895,4.083333015441895,3.668466806411743,3600
2006-01-10,4.083333015441895,4.083333015441895,4.0,4.0,3.5936005115509038,13200
2006-01-11,4.1666669845581055,4.1666669845581055,3.983333110809326,3.983333110809326,3.5786266326904297,3000
2006-01-12,4.0,4.0,4.0,4.0,3.5936005115509038,1800
2006-01-13,4.0,4.0,4.0,4.0,3.5936005115509038,0
2006-01-16,3.9633328914642334,3.9700000286102295,3.9633328914642334,3.9700000286102295,3.5666487216949463,9600
2006-01-17,3.9666669368743896,3.9666669368743896,3.9166669845581055,3.9166669845581055,3.5187342166900635,73800
2006-01-19,4.0,4.1666669845581055,4.0,4.150000095367432,3.728359222412109,88200
2006-01-20,4.150000095367432,4.150000095367432,4.150000095367432,4.150000095367432,3.728359222412109,0
2006-01-23,4.083333015441895,4.141666889190674,4.083333015441895,4.141666889190674,3.720875024795532,5400
2006-01-24,4.158332824707031,4.158332824707031,4.150000095367432,4.150000095367432,3.728359222412109,5400
2006-01-25,4.150000095367432,4.183332920074463,4.150000095367432,4.183332920074463,3.7583062648773193,16800
2006-01-26,4.333333015441895,4.333333015441895,4.333333015441895,4.333333015441895,3.893065690994263,3000
2006-01-27,4.1666669845581055,4.1666669845581055,4.1666669845581055,4.1666669845581055,3.7433342933654794,3000
2006-01-30,4.266666889190674,4.266666889190674,4.183332920074463,4.233333110809326,3.8032264709472656,7800
2006-01-31,4.25,4.25,4.233333110809326,4.233333110809326,3.8032264709472656,6000
2006-02-01,4.266666889190674,4.266666889190674,4.266666889190674,4.266666889190674,3.833173513412476,3000
2006-02-02,4.266666889190674,4.266666889190674,4.25,4.25,3.8181986808776855,4800
2006-02-03,4.25,4.25,4.25,4.25,3.8181986808776855,0
2006-02-06,4.2916669845581055,4.4166669845581055,4.2916669845581055,4.4166669845581055,3.96793532371521,4200
2006-02-07,4.5,4.566667079925537,4.5,4.566667079925537,4.102692604064941,10200
2006-02-08,4.433332920074463,4.783332824707031,4.433332920074463,4.783332824707031,4.297347068786621,20400
2006-02-09,4.583333015441895,4.664999961853027,4.5,4.664999961853027,4.191036224365234,3600
2006-02-10,4.664999961853027,4.664999961853027,4.664999961853027,4.664999961853027,4.191036224365234,0
2006-02-14,4.4166669845581055,4.4166669845581055,4.4166669845581055,4.4166669845581055,3.96793532371521,1200
2006-02-15,4.5,4.5,4.441667079925537,4.441667079925537,3.990392684936523,4800
2006-02-16,4.6666669845581055,4.6666669845581055,4.664999961853027,4.664999961853027,4.191036224365234,16800
2006-02-17,4.5,4.599999904632568,4.5,4.599999904632568,4.132639408111572,3600
2006-02-20,4.6666669845581055,4.6666669845581055,4.583333015441895,4.6666669845581055,4.192533493041992,4800
2006-02-21,4.583333015441895,4.583333015441895,4.583333015441895,4.583333015441895,4.117668151855469,1200
2006-02-22,4.516666889190674,4.616666793823242,4.466667175292969,4.616666793823242,4.147614479064941,55800
2006-02-23,4.466667175292969,4.466667175292969,4.466667175292969,4.466667175292969,4.01285457611084,1200
2006-02-24,4.466667175292969,4.466667175292969,4.466667175292969,4.466667175292969,4.01285457611084,0
2006-02-27,4.583333015441895,4.583333015441895,4.533332824707031,4.533332824707031,4.072747707366943,3000
2006-02-28,4.626667022705078,4.6666669845581055,4.516666889190674,4.516666889190674,4.057774543762207,37200
2006-03-01,4.5,4.516666889190674,4.466667175292969,4.466667175292969,4.01285457611084,12600
2006-03-02,4.616666793823242,4.616666793823242,4.583333015441895,4.583333015441895,4.117668151855469,7800
2006-03-03,4.6483330726623535,4.6483330726623535,4.4166669845581055,4.483333110809326,4.027825355529785,13200
2006-03-06,4.4166669845581055,4.4166669845581055,4.233333110809326,4.375,3.930500507354736,217800
2006-03-07,4.391666889190674,4.408332824707031,4.375,4.375,3.930500507354736,31200
2006-03-08,4.333333015441895,4.333333015441895,4.1666669845581055,4.25,3.8181986808776855,20400
2006-03-09,4.25,4.25,4.233333110809326,4.233333110809326,3.8032264709472656,8400
2006-03-10,4.333333015441895,4.4166669845581055,4.333333015441895,4.4166669845581055,3.96793532371521,3000
2006-03-13,4.5,4.5,4.233333110809326,4.483333110809326,4.027825355529785,13200
2006-03-14,4.5,4.5,4.241666793823242,4.449999809265137,4.001598358154297,4800
2006-03-15,4.466667175292969,4.466667175292969,4.466667175292969,4.466667175292969,4.01658821105957,1800
2006-03-16,4.300000190734863,4.441667079925537,4.2916669845581055,4.333333015441895,3.896686792373657,22800
2006-03-17,4.454999923706055,4.454999923706055,4.454999923706055,4.454999923706055,4.006094932556152,1200
2006-03-20,4.550000190734863,4.550000190734863,4.4166669845581055,4.4166669845581055,3.9716250896453857,4200
2006-03-21,4.4166669845581055,4.5,4.333333015441895,4.366666793823242,3.9266626834869385,10200
2006-03-22,4.5,4.5,4.5,4.5,4.046561241149902,1200
2006-03-23,4.5,4.5,4.5,4.5,4.046561241149902,1800
2006-03-24,4.6666669845581055,4.833333015441895,4.6666669845581055,4.75,4.271368503570557,15600
2006-03-27,4.833333015441895,4.833333015441895,4.5,4.5,4.046561241149902,25200
2006-03-28,4.5,4.5,4.5,4.5,4.046561241149902,0
2006-03-29,4.75,4.75,4.736667156219482,4.736667156219482,4.259381294250488,6000
2006-03-30,4.558332920074463,4.558332920074463,4.550000190734863,4.550000190734863,4.091522216796875,6000
2006-03-31,4.474999904632568,4.706666946411133,4.474999904632568,4.703332901000977,4.229404926300049,3000
2006-04-03,4.550000190734863,4.550000190734863,4.5416669845581055,4.550000190734863,4.091522216796875,7800
2006-04-04,4.733333110809326,4.733333110809326,4.5,4.516666889190674,4.061547756195068,4800
2006-04-05,4.516666889190674,4.516666889190674,4.516666889190674,4.516666889190674,4.061547756195068,1800
2006-04-06,4.516666889190674,4.516666889190674,4.516666889190674,4.516666889190674,4.061547756195068,0
2006-04-10,4.733333110809326,4.733333110809326,4.516666889190674,4.699999809265137,4.226407051086426,5400
2006-04-11,4.516666889190674,4.566667079925537,4.516666889190674,4.566667079925537,4.106510639190674,901800
2006-04-12,4.699999809265137,4.708333015441895,4.583333015441895,4.6666669845581055,4.196432590484619,2123400
2006-04-13,4.6666669845581055,4.6666669845581055,4.616666793823242,4.616666793823242,4.151471614837647,5400
2006-04-17,4.733333110809326,4.733333110809326,4.599999904632568,4.708333015441895,4.233903408050537,9600
2006-04-18,4.558332920074463,4.558332920074463,4.558332920074463,4.558332920074463,4.0990166664123535,1200
2006-04-19,4.525000095367432,4.5416669845581055,4.518332958221436,4.5416669845581055,4.084029197692871,5400
2006-04-20,4.5416669845581055,4.5416669845581055,4.5416669845581055,4.5416669845581055,4.084029197692871,0
2006-04-21,4.525000095367432,4.699999809265137,4.525000095367432,4.533332824707031,4.076534748077393,3000
2006-04-24,4.708333015441895,4.708333015441895,4.708333015441895,4.708333015441895,4.233903408050537,600
2006-04-25,4.664999961853027,4.664999961853027,4.664999961853027,4.664999961853027,4.194935321807861,3000
2006-04-26,4.664999961853027,4.6666669845581055,4.664999961853027,4.6666669845581055,4.196432590484619,2400
2006-04-27,4.525000095367432,4.525000095367432,4.525000095367432,4.525000095367432,4.069042682647705,2400
2006-04-28,4.525000095367432,4.525000095367432,4.525000095367432,4.525000095367432,4.069042682647705,0
2006-05-01,4.663332939147949,4.75,4.525000095367432,4.525000095367432,4.069042682647705,14400
2006-05-02,4.533332824707031,4.566667079925537,4.483333110809326,4.483333110809326,4.031571865081787,31800
2006-05-03,4.5,4.5,4.483333110809326,4.483333110809326,4.031571865081787,12000
2006-05-04,4.483333110809326,4.483333110809326,4.483333110809326,4.483333110809326,4.031571865081787,0
2006-05-05,4.458333015441895,4.458333015441895,4.333333015441895,4.353332996368408,3.914673805236816,9000
2006-05-08,4.375,4.525000095367432,4.2916669845581055,4.333333015441895,3.896686792373657,36000
2006-05-09,4.466667175292969,4.466667175292969,4.383333206176758,4.383333206176758,3.941649198532105,1800
2006-05-10,4.333333015441895,4.333333015441895,4.333333015441895,4.333333015441895,3.896686792373657,2400
2006-05-11,4.333333015441895,4.333333015441895,4.333333015441895,4.333333015441895,3.896686792373657,5400
2006-05-12,4.333333015441895,4.333333015441895,4.333333015441895,4.333333015441895,3.896686792373657,0
2006-05-15,4.333333015441895,4.333333015441895,4.171667098999023,4.215000152587891,3.790278196334839,116400
2006-05-16,4.381667137145996,4.574999809265137,4.381667137145996,4.556666851043701,4.097517013549805,49200
2006-05-17,4.583333015441895,4.583333015441895,4.3566670417785645,4.3566670417785645,3.917671203613281,4800
2006-05-18,4.375,4.375,4.375,4.375,3.934157133102417,11400
2006-05-19,4.208333015441895,4.333333015441895,4.208333015441895,4.333333015441895,3.896686792373657,6000
2006-05-23,4.111667156219482,4.331666946411133,4.111667156219482,4.125,3.7093472480773926,6600
2006-05-24,4.125,4.125,4.125,4.125,3.7093472480773926,0
2006-05-29,4.458333015441895,4.458333015441895,4.458333015441895,4.458333015441895,4.009091377258301,4200
2006-05-30,4.396667003631592,4.456666946411133,4.396667003631592,4.446667194366455,3.998603820800781,13800
2006-05-31,4.343332767486572,4.380000114440918,4.208333015441895,4.208333015441895,3.784282922744751,309000
2006-06-01,4.235000133514404,4.333333015441895,4.235000133514404,4.333333015441895,3.896686792373657,38400
2006-06-02,4.333333015441895,4.333333015441895,4.333333015441895,4.333333015441895,3.896686792373657,10800
2006-06-05,4.164999961853027,4.333333015441895,4.15166711807251,4.158332824707031,3.739322185516357,12000
2006-06-06,4.199999809265137,4.324999809265137,4.130000114440918,4.324999809265137,3.889196157455444,9600
2006-06-07,4.1666669845581055,4.233333110809326,4.1666669845581055,4.233333110809326,3.8067643642425537,131400
2006-06-08,4.216667175292969,4.25,4.216667175292969,4.25,3.821751117706299,27000
2006-06-09,4.266666889190674,4.306666851043701,4.266666889190674,4.306666851043701,3.8727095127105713,95400
2006-06-12,4.306666851043701,4.306666851043701,4.25,4.25,3.821751117706299,1800
2006-06-13,4.315000057220459,4.315000057220459,4.1666669845581055,4.1666669845581055,3.746816635131836,4800
2006-06-14,4.1666669845581055,4.1666669845581055,4.1666669845581055,4.1666669845581055,3.746816635131836,0
2006-06-15,4.199999809265137,4.25,4.191667079925537,4.25,3.821751117706299,901200
2006-06-16,4.1666669845581055,4.1666669845581055,4.1666669845581055,4.1666669845581055,3.746816635131836,6000
2006-06-19,4.1666669845581055,4.1666669845581055,4.1666669845581055,4.1666669845581055,3.746816635131836,5400
2006-06-20,4.141666889190674,4.141666889190674,4.111667156219482,4.111667156219482,3.6973581314086914,6000
2006-06-21,4.141666889190674,4.141666889190674,4.139999866485596,4.139999866485596,3.7228360176086426,6000
2006-06-22,4.1066670417785645,4.1066670417785645,4.1066670417785645,4.1066670417785645,3.692862987518311,2400
2006-06-23,4.208333015441895,4.316667079925537,4.126667022705078,4.126667022705078,3.7108473777771,8400
2006-06-26,4.1666669845581055,4.1666669845581055,4.1666669845581055,4.1666669845581055,3.746816635131836,6600
2006-06-27,4.141666889190674,4.141666889190674,4.141666889190674,4.141666889190674,3.7243361473083496,27000
2006-06-28,4.141666889190674,4.141666889190674,4.066667079925537,4.066667079925537,3.656893491744995,70800
2006-06-29,4.036666870117188,4.308332920074463,4.033332824707031,4.033332824707031,3.626917362213135,16200
2006-06-30,4.033332824707031,4.033332824707031,4.033332824707031,4.033332824707031,3.626917362213135,0
2006-07-05,4.141666889190674,4.141666889190674,4.008333206176758,4.008333206176758,3.60443639755249,46200
2006-07-06,4.058332920074463,4.058332920074463,3.924999952316284,3.946666955947876,3.548983097076416,11400
2006-07-07,3.946666955947876,3.946666955947876,3.946666955947876,3.946666955947876,3.548983097076416,0
2006-07-10,4.031667232513428,4.031667232513428,4.025000095367432,4.025000095367432,3.619424819946289,8400
2006-07-11,4.025000095367432,4.025000095367432,4.025000095367432,4.025000095367432,3.619424819946289,0
2006-07-12,4.0,4.0,4.0,4.0,3.596942901611328,1200
2006-07-13,4.0,4.066667079925537,3.9166669845581055,4.066667079925537,3.656893491744995,21600
2006-07-14,4.065000057220459,4.083333015441895,4.0,4.083333015441895,3.671879529953003,73200
2006-07-17,3.941667079925537,4.0416669845581055,3.941667079925537,4.0416669845581055,3.6344106197357178,28200
2006-07-18,3.941667079925537,3.941667079925537,3.8450000286102295,3.8450000286102295,3.457561731338501,12600
2006-07-19,3.9166669845581055,4.025000095367432,3.869999885559082,4.025000095367432,3.623350620269776,6600
2006-07-20,4.025000095367432,4.025000095367432,4.025000095367432,4.025000095367432,3.623350620269776,0
2006-07-24,3.933332920074463,3.933332920074463,3.933332920074463,3.933332920074463,3.5408308506011963,12600
2006-07-25,4.083333015441895,4.083333015441895,3.911667108535767,3.941667079925537,3.548333168029785,597600
2006-07-26,4.108333110809326,4.108333110809326,3.950000047683716,3.991667032241821,3.5933432579040527,3786000
2006-07-27,3.9800000190734863,3.9800000190734863,3.9800000190734863,3.9800000190734863,3.582840919494629,3000
2006-07-28,3.9800000190734863,3.9800000190734863,3.9800000190734863,3.9800000190734863,3.582840919494629,6000
2006-07-31,3.923332929611206,3.923332929611206,3.923332929611206,3.923332929611206,3.531829357147217,6000
2006-08-01,3.9066669940948486,3.9066669940948486,3.875,3.875,3.488319158554077,10800
2006-08-02,3.8333330154418954,3.8333330154418954,3.8333330154418954,3.8333330154418954,3.4508094787597656,1800
2006-08-03,3.933332920074463,3.933332920074463,3.9166669845581055,3.9166669845581055,3.5258278846740723,4200
2006-08-04,3.9166669845581055,3.9166669845581055,3.9166669845581055,3.9166669845581055,3.5258278846740723,0
2006-08-08,3.9083330631256095,3.9083330631256095,3.9083330631256095,3.9083330631256095,3.5183258056640625,600
2006-08-09,3.9083330631256095,3.9083330631256095,3.9083330631256095,3.9083330631256095,3.5183258056640625,0
2006-08-10,3.9166669845581055,3.9166669845581055,3.9166669845581055,3.9166669845581055,3.5258278846740723,600
2006-08-11,3.858333110809326,3.858333110809326,3.858333110809326,3.858333110809326,3.4733150005340576,4200
2006-08-14,3.9166669845581055,3.9166669845581055,3.9166669845581055,3.9166669845581055,3.5258278846740723,6000
2006-08-15,3.9149999618530273,3.9149999618530273,3.9149999618530273,3.9149999618530273,3.524326801300049,3000
2006-08-16,3.884999990463257,3.884999990463257,3.884999990463257,3.884999990463257,3.497320890426636,1200
2006-08-17,3.858333110809326,3.9149999618530273,3.858333110809326,3.9149999618530273,3.524326801300049,10200
2006-08-18,3.9149999618530273,3.9166669845581055,3.9149999618530273,3.9166669845581055,3.5258278846740723,2400
2006-08-21,3.903332948684693,3.961667060852051,3.886667013168335,3.961667060852051,3.5663371086120605,36600
2006-08-22,3.9800000190734863,3.9800000190734863,3.866667032241821,3.936666965484619,3.543832540512085,61800
2006-08-23,3.936666965484619,3.936666965484619,3.936666965484619,3.936666965484619,3.543832540512085,0
2006-08-25,3.9583330154418954,4.0416669845581055,3.9583330154418954,4.0416669845581055,3.638354778289795,13800
2006-08-28,4.074999809265137,4.079999923706055,4.03000020980835,4.066667079925537,3.6608598232269287,27600
2006-08-29,4.066667079925537,4.083333015441895,4.066667079925537,4.083333015441895,3.6758625507354736,6600
2006-08-30,4.073332786560059,4.073332786560059,3.933332920074463,4.0233330726623535,3.621849536895752,9000
2006-08-31,4.0,4.0,4.0,4.0,3.6008450984954834,12600
2006-09-01,3.998332977294922,4.033332824707031,3.983333110809326,4.00333309173584,3.6038460731506343,23400
2006-09-05,3.9166669845581055,3.930000066757202,3.856667041778565,3.930000066757202,3.537830114364624,19200
2006-09-06,4.081666946411133,4.081666946411133,3.805000066757202,3.805000066757202,3.428939819335937,24600
2006-09-07,3.803333044052124,3.903332948684693,3.803333044052124,3.8416669368743896,3.461982488632202,15600
2006-09-08,3.8833329677581783,3.940000057220459,3.863332986831665,3.87166690826416,3.4890170097351074,13200
2006-09-11,3.8983330726623535,3.8983330726623535,3.81833291053772,3.81833291053772,3.4409549236297607,11400
2006-09-12,3.853332996368408,3.900000095367432,3.853332996368408,3.900000095367432,3.5145504474639893,9000
2006-09-13,3.97333288192749,3.97333288192749,3.97333288192749,3.97333288192749,3.580634593963623,4800
2006-09-14,4.081666946411133,4.081666946411133,3.993333101272583,3.993333101272583,3.59865951538086,2400
2006-09-15,3.993333101272583,4.083333015441895,3.993333101272583,4.083333015441895,3.679764032363892,9600
2006-09-18,4.081666946411133,4.081666946411133,3.984999895095825,4.036666870117188,3.637709856033325,9600
2006-09-19,3.9583330154418954,3.978332996368408,3.9583330154418954,3.9583330154418954,3.5671188831329346,11400
2006-09-20,3.941667079925537,3.983333110809326,3.941667079925537,3.983333110809326,3.589647054672241,1665600
2006-09-21,3.9666669368743896,3.9666669368743896,3.9666669368743896,3.9666669368743896,3.5746281147003174,1800
2006-09-22,4.0,4.008333206176758,4.0,4.008333206176758,3.612176179885864,4200
2006-09-25,4.001667022705078,4.001667022705078,4.001667022705078,4.001667022705078,3.606168985366821,3600
2006-09-26,4.001667022705078,4.001667022705078,4.001667022705078,4.001667022705078,3.606168985366821,0
2006-09-27,3.881666898727417,3.8883330821990967,3.881666898727417,3.8883330821990967,3.5040361881256104,9000
2006-09-28,3.9633328914642334,3.9633328914642334,3.941667079925537,3.941667079925537,3.552099227905273,418800
2006-09-29,4.016666889190674,4.016666889190674,4.013332843780518,4.013332843780518,3.616683006286621,1800
2006-10-02,4.0416669845581055,4.0416669845581055,3.9583330154418954,3.9583330154418954,3.5671188831329346,4200
2006-10-03,3.9583330154418954,3.9583330154418954,3.9583330154418954,3.9583330154418954,3.5671188831329346,0
2006-10-04,4.050000190734863,4.050000190734863,3.97333288192749,3.974999904632568,3.5821373462677,9600
2006-10-05,3.900000095367432,4.144999980926514,3.900000095367432,4.133333206176758,3.724822759628296,8400
2006-10-06,4.153333187103272,4.196667194366455,4.083333015441895,4.183332920074463,3.7698802947998047,34800
2006-10-10,4.248332977294922,4.331666946411133,4.248332977294922,4.25333309173584,3.832962274551392,24000
2006-10-11,4.3983330726623535,4.3983330726623535,4.281667232513428,4.281667232513428,3.858496189117432,13200
2006-10-12,4.406667232513428,4.406667232513428,4.333333015441895,4.349999904632568,3.920076131820679,8400
2006-10-13,4.266666889190674,4.266666889190674,4.255000114440918,4.255000114440918,3.8344647884368896,7800
2006-10-16,4.255000114440918,4.255000114440918,4.255000114440918,4.255000114440918,3.8344647884368896,1200
2006-10-17,4.333333015441895,4.333333015441895,4.21999979019165,4.21999979019165,3.802923679351807,1200
2006-10-18,4.233333110809326,4.278333187103272,4.233333110809326,4.278333187103272,3.855491399765015,3600
2006-10-19,4.2916669845581055,4.2916669845581055,4.266666889190674,4.266666889190674,3.844977140426636,2400
2006-10-20,4.316667079925537,4.333333015441895,4.316667079925537,4.333333015441895,3.90505576133728,9600
2006-10-23,4.383333206176758,4.386666774749756,4.366666793823242,4.383333206176758,3.950115442276001,10800
2006-10-24,4.383333206176758,4.383333206176758,4.383333206176758,4.383333206176758,3.950115442276001,1800
2006-10-25,4.5,4.5,4.406667232513428,4.466667175292969,4.025212287902832,42000
2006-10-26,4.458333015441895,4.458333015441895,4.449999809265137,4.454999923706055,4.014698028564453,25200
2006-10-27,4.551667213439941,4.551667213439941,4.551667213439941,4.551667213439941,4.101812362670898,1800
2006-10-30,4.466667175292969,4.498332977294922,4.400000095367432,4.498332977294922,4.053745746612549,4800
2006-10-31,4.514999866485596,4.539999961853027,4.485000133514404,4.486667156219482,4.043235301971436,12000
2006-11-01,4.5,4.5,4.408332824707031,4.5,4.055250644683838,15000
2006-11-02,4.583333015441895,4.583333015441895,4.465000152587891,4.5,4.055250644683838,13800
2006-11-03,4.574999809265137,4.583333015441895,4.574999809265137,4.583333015441895,4.130346775054932,7200
2006-11-06,4.699999809265137,4.699999809265137,4.630000114440918,4.646667003631592,4.18742036819458,5400
2006-11-07,4.671667098999023,4.671667098999023,4.671667098999023,4.671667098999023,4.209951877593994,1200
2006-11-08,4.583333015441895,4.583333015441895,4.583333015441895,4.583333015441895,4.130346775054932,3600
2006-11-09,4.559999942779541,4.664999961853027,4.559999942779541,4.664999961853027,4.203944683074951,32400
2006-11-10,4.6666669845581055,4.668333053588867,4.6666669845581055,4.668333053588867,4.206947326660156,6600
2006-11-13,4.65166711807251,4.65166711807251,4.625,4.625,4.167896747589111,12000
2006-11-14,4.6666669845581055,4.6666669845581055,4.6666669845581055,4.6666669845581055,4.205446720123291,6000
2006-11-15,4.708333015441895,4.708333015441895,4.631667137145996,4.631667137145996,4.173903465270996,4800
2006-11-16,4.633333206176758,4.633333206176758,4.611667156219482,4.611667156219482,4.155880928039551,19200
2006-11-17,4.573332786560059,4.573332786560059,4.4816670417785645,4.4816670417785645,4.038729667663574,19200
2006-11-20,4.461667060852051,4.461667060852051,4.461667060852051,4.461667060852051,4.020707607269287,1200
2006-11-21,4.573332786560059,4.573332786560059,4.534999847412109,4.534999847412109,4.086790084838867,4200
2006-11-22,4.539999961853027,4.539999961853027,4.333333015441895,4.425000190734863,3.987662315368652,36000
2006-11-23,4.493332862854004,4.493332862854004,4.381667137145996,4.446667194366455,4.007191181182861,10800
2006-11-24,4.355000019073486,4.355000019073486,4.355000019073486,4.355000019073486,3.9245810508728023,2400
2006-11-27,4.355000019073486,4.355000019073486,4.269999980926514,4.269999980926514,3.847982883453369,6600
2006-11-28,4.283332824707031,4.498332977294922,4.283332824707031,4.448332786560059,4.013388633728027,10200
2006-11-29,4.353332996368408,4.353332996368408,4.353332996368408,4.353332996368408,3.927677869796753,1800
2006-11-30,4.261666774749756,4.261666774749756,4.1666669845581055,4.25,3.834449052810669,11400
2006-12-01,4.25,4.25,4.25,4.25,3.834449052810669,0
2006-12-04,4.333333015441895,4.366666793823242,4.333333015441895,4.366666793823242,3.9397084712982178,5400
2006-12-05,4.458333015441895,4.458333015441895,4.458333015441895,4.458333015441895,4.0224127769470215,4200
2006-12-06,4.353332996368408,4.353332996368408,4.353332996368408,4.353332996368408,3.927677869796753,9000
2006-12-07,4.408332824707031,4.408332824707031,4.408332824707031,4.408332824707031,3.97730016708374,3000
2006-12-08,4.409999847412109,4.409999847412109,4.329999923706055,4.329999923706055,3.906625986099243,6000
2006-12-11,4.306666851043701,4.306666851043701,4.306666851043701,4.306666851043701,3.88557505607605,4800
2006-12-12,4.303332805633545,4.368332862854004,4.295000076293945,4.368332862854004,3.941211700439453,16200
2006-12-13,4.333333015441895,4.383333206176758,4.324999809265137,4.383333206176758,3.954745531082153,21600
2006-12-14,4.383333206176758,4.383333206176758,4.383333206176758,4.383333206176758,3.954745531082153,0
2006-12-15,4.316667079925537,4.316667079925537,4.316667079925537,4.316667079925537,3.894597291946411,2400
2006-12-18,4.260000228881836,4.361667156219482,4.260000228881836,4.361667156219482,3.935196876525879,12600
2006-12-19,4.25,4.25,4.183332920074463,4.183332920074463,3.7742998600006095,11400
2006-12-20,4.176667213439941,4.306666851043701,4.176667213439941,4.233333110809326,3.8194100856781006,21000
2006-12-21,4.243332862854004,4.283332824707031,4.243332862854004,4.283332824707031,3.86452317237854,1800
2006-12-22,4.199999809265137,4.199999809265137,4.191667079925537,4.191667079925537,3.781819105148315,3600
2006-12-27,4.191667079925537,4.191667079925537,4.191667079925537,4.191667079925537,3.781819105148315,600
2006-12-28,4.323332786560059,4.323332786560059,4.25,4.25,3.834449052810669,4200
2006-12-29,4.218332767486572,4.324999809265137,4.218332767486572,4.324999809265137,3.902116060256958,18000
2007-01-02,4.324999809265137,4.324999809265137,4.21999979019165,4.21999979019165,3.807383060455322,5400
2007-01-03,4.21999979019165,4.21999979019165,4.21999979019165,4.21999979019165,3.807383060455322,6000
2007-01-04,4.208333015441895,4.208333015441895,4.150000095367432,4.1666669845581055,3.759264707565308,16800
2007-01-05,4.1666669845581055,4.1666669845581055,4.1666669845581055,4.1666669845581055,3.759264707565308,0
2007-01-08,4.208333015441895,4.2216668128967285,4.208333015441895,4.2216668128967285,3.8088862895965576,3000
2007-01-09,4.2216668128967285,4.2216668128967285,4.2216668128967285,4.2216668128967285,3.8088862895965576,0
2007-01-10,4.143332958221436,4.158332824707031,4.139999866485596,4.158332824707031,3.7517435550689697,15600
2007-01-11,4.2216668128967285,4.2216668128967285,4.2216668128967285,4.2216668128967285,3.8088862895965576,600
2007-01-12,4.25,4.333333015441895,4.25,4.333333015441895,3.909635066986084,15000
2007-01-15,4.443333148956299,4.445000171661377,4.443333148956299,4.445000171661377,4.010382175445557,4200
2007-01-16,4.445000171661377,4.445000171661377,4.445000171661377,4.445000171661377,4.010382175445557,600
2007-01-17,4.445000171661377,4.445000171661377,4.445000171661377,4.445000171661377,4.010382175445557,4800
2007-01-18,4.423333168029785,4.423333168029785,4.40500020980835,4.413332939147949,3.981811285018921,7200
2007-01-19,4.5,4.5,4.5,4.5,4.060005187988281,3600
2007-01-22,4.556666851043701,4.556666851043701,4.358333110809326,4.358333110809326,3.932187795639038,10800
2007-01-23,4.4166669845581055,4.4166669845581055,4.4166669845581055,4.4166669845581055,3.98482084274292,1200
2007-01-24,4.335000038146973,4.570000171661377,4.335000038146973,4.570000171661377,4.123159408569336,8400
2007-01-25,4.408332824707031,4.408332824707031,4.408332824707031,4.408332824707031,3.97730016708374,3600
2007-01-26,4.298333168029785,4.341667175292969,4.298333168029785,4.308332920074463,3.887077569961548,9000
2007-01-29,4.366666793823242,4.423333168029785,4.349999904632568,4.423333168029785,3.990832567214966,4800
2007-01-30,4.383333206176758,4.383333206176758,4.375,4.375,3.947225570678711,7200
2007-01-31,4.333333015441895,4.333333015441895,4.333333015441895,4.333333015441895,3.909635066986084,600
2007-02-01,4.375,4.375,4.375,4.375,3.947225570678711,3600
2007-02-02,4.375,4.375,4.375,4.375,3.947225570678711,0
2007-02-06,4.34499979019165,4.34499979019165,4.340000152587891,4.340000152587891,3.9156486988067623,3000
2007-02-07,4.381667137145996,4.381667137145996,4.288332939147949,4.333333015441895,3.909635066986084,8400
2007-02-08,4.281667232513428,4.281667232513428,4.251667022705078,4.251667022705078,3.8359527587890634,26400
2007-02-09,4.266666889190674,4.266666889190674,4.2133331298828125,4.2133331298828125,3.8013663291931152,8400
2007-02-12,4.224999904632568,4.224999904632568,4.190000057220459,4.190000057220459,3.7803165912628174,2400
2007-02-13,4.201666831970215,4.201666831970215,4.201666831970215,4.201666831970215,3.790842771530152,12000
2007-02-14,4.201666831970215,4.283332824707031,4.201666831970215,4.283332824707031,3.86452317237854,12600
2007-02-15,4.218332767486572,4.2916669845581055,4.218332767486572,4.281667232513428,3.8630197048187256,31200
2007-02-16,4.216667175292969,4.216667175292969,4.216667175292969,4.216667175292969,3.80437445640564,1200
2007-02-19,4.233333110809326,4.233333110809326,4.233333110809326,4.233333110809326,3.8194100856781006,3000
2007-02-20,4.241666793823242,4.241666793823242,4.183332920074463,4.184999942779541,3.7758049964904794,17400
2007-02-21,4.208333015441895,4.25,4.186666965484619,4.186666965484619,3.777308464050293,15600
2007-02-22,4.188333034515381,4.2216668128967285,4.1666669845581055,4.199999809265137,3.789337158203125,465600
2007-02-23,4.224999904632568,4.248332977294922,4.184999942779541,4.239999771118164,3.825426578521729,187800
2007-02-26,4.235000133514404,4.235000133514404,4.235000133514404,4.235000133514404,3.820914030075073,3000
2007-02-27,4.22333288192749,4.22333288192749,4.108333110809326,4.108333110809326,3.706632852554321,20400
2007-02-28,4.083333015441895,4.164999961853027,4.083333015441895,4.143332958221436,3.7382116317749023,27000
2007-03-01,4.141666889190674,4.141666889190674,4.141666889190674,4.141666889190674,3.7367095947265625,1800
2007-03-02,4.125,4.1483330726623535,4.125,4.1483330726623535,3.742721796035767,8400
2007-03-05,4.1483330726623535,4.1483330726623535,4.1483330726623535,4.1483330726623535,3.742721796035767,0
2007-03-06,4.168333053588867,4.239999771118164,4.168333053588867,4.239999771118164,3.825426578521729,10800
2007-03-07,4.208333015441895,4.2133331298828125,4.208333015441895,4.208333015441895,3.796855211257935,12600
2007-03-08,4.153333187103272,4.158332824707031,4.153333187103272,4.158332824707031,3.7517435550689697,4800
2007-03-09,4.281667232513428,4.281667232513428,4.153333187103272,4.173333168029785,3.765277147293091,28200
2007-03-12,4.191667079925537,4.191667079925537,4.15166711807251,4.15166711807251,3.745730638504028,7200
2007-03-13,4.034999847412109,4.036666870117188,3.968333005905152,4.005000114440918,3.6134049892425537,9600
2007-03-14,4.001667022705078,4.133333206176758,4.001667022705078,4.133333206176758,3.729189395904541,8400
2007-03-15,4.133333206176758,4.133333206176758,4.033332824707031,4.110000133514404,3.708137273788452,9000
2007-03-16,4.103332996368408,4.179999828338623,4.031667232513428,4.031667232513428,3.637463331222534,5400
2007-03-19,4.133333206176758,4.133333206176758,4.076666831970215,4.076666831970215,3.678063154220581,10800
2007-03-20,4.005000114440918,4.053332805633545,3.968333005905152,3.994999885559082,3.6088075637817374,23400
2007-03-21,3.946666955947876,4.074999809265137,3.946666955947876,4.074999809265137,3.681074857711792,8400
2007-03-22,4.006667137145996,4.006667137145996,4.006667137145996,4.006667137145996,3.619346618652344,1200
2007-03-23,3.99666690826416,3.99666690826416,3.94333291053772,3.946666955947876,3.565148115158081,16200
2007-03-26,4.15500020980835,4.15500020980835,3.983333110809326,4.0,3.613324642181397,10800
2007-03-27,4.0,4.078332901000977,4.0,4.078332901000977,3.684084415435791,7200
2007-03-28,4.045000076293945,4.116666793823242,4.045000076293945,4.116666793823242,3.718712568283081,29400
2007-03-29,4.116666793823242,4.116666793823242,4.116666793823242,4.116666793823242,3.718712568283081,1200
2007-03-30,4.083333015441895,4.083333015441895,4.083333015441895,4.083333015441895,3.68860125541687,2400
2007-04-02,4.083333015441895,4.141666889190674,4.083333015441895,4.116666793823242,3.718712568283081,6000
2007-04-03,4.146667003631592,4.146667003631592,4.146667003631592,4.146667003631592,3.745811939239502,1200
2007-04-04,4.25,4.25,4.019999980926514,4.019999980926514,3.6313915252685542,51600
2007-04-05,4.079999923706055,4.079999923706055,4.079999923706055,4.079999923706055,3.685590505599976,6600
2007-04-09,4.066667079925537,4.066667079925537,3.936666965484619,3.936666965484619,3.556114435195923,6600
2007-04-10,3.94333291053772,4.001667022705078,3.94333291053772,4.001667022705078,3.61483097076416,9600
2007-04-11,3.950000047683716,4.010000228881836,3.950000047683716,4.010000228881836,3.622358083724976,9600
2007-04-12,4.076666831970215,4.076666831970215,4.076666831970215,4.076666831970215,3.682579755783081,2400
2007-04-13,4.005000114440918,4.005000114440918,4.005000114440918,4.005000114440918,3.617841958999634,4800
2007-04-16,4.025000095367432,4.051667213439941,4.025000095367432,4.051667213439941,3.6599974632263184,6000
2007-04-17,4.025000095367432,4.034999847412109,3.94333291053772,3.9633328914642334,3.5802018642425537,14400
2007-04-18,3.9633328914642334,3.9633328914642334,3.9633328914642334,3.9633328914642334,3.5802018642425537,0
2007-04-19,3.918333053588867,3.9583330154418954,3.9166669845581055,3.9166669845581055,3.538047313690185,12600
2007-04-20,3.9583330154418954,3.9583330154418954,3.953332901000977,3.953332901000977,3.571169137954712,6600
2007-04-23,3.950000047683716,3.950000047683716,3.9166669845581055,3.9166669845581055,3.538047313690185,6000
2007-04-24,3.8333330154418954,3.8516669273376474,3.771667003631592,3.825000047683716,3.455242395401001,17400
2007-04-25,3.9166669845581055,4.033332824707031,3.9166669845581055,3.994999885559082,3.6088075637817374,28800
2007-04-26,4.054999828338623,4.083333015441895,4.054999828338623,4.071667194366455,3.678063154220581,7800
2007-04-27,4.025000095367432,4.025000095367432,4.016666889190674,4.016666889190674,3.628380298614502,3600
2007-04-30,4.03000020980835,4.034999847412109,4.005000114440918,4.005000114440918,3.617841958999634,10800
2007-05-01,4.010000228881836,4.010000228881836,3.981667041778565,3.981667041778565,3.596763610839844,4200
2007-05-02,4.0,4.0,4.0,4.0,3.613324642181397,1800
2007-05-03,4.014999866485596,4.014999866485596,3.9166669845581055,3.9166669845581055,3.538047313690185,8400
2007-05-04,3.921667098999024,3.974999904632568,3.921667098999024,3.956666946411133,3.5741803646087646,13200
2007-05-07,3.953332901000977,3.9766669273376474,3.9166669845581055,3.9166669845581055,3.538047313690185,7200
2007-05-08,3.964999914169312,3.964999914169312,3.875,3.8983330726623535,3.521484851837158,12600
2007-05-09,3.9583330154418954,4.051667213439941,3.9583330154418954,4.051667213439941,3.6599974632263184,2400
2007-05-10,4.051667213439941,4.051667213439941,4.051667213439941,4.051667213439941,3.6599974632263184,0
2007-05-11,3.911667108535767,3.911667108535767,3.911667108535767,3.911667108535767,3.5335309505462646,600
2007-05-14,3.911667108535767,3.940000057220459,3.875,3.940000057220459,3.5591251850128174,27000
2007-05-15,4.0,4.0233330726623535,3.941667079925537,4.010000228881836,3.622358083724976,6000
2007-05-16,4.021667003631592,4.021667003631592,4.021667003631592,4.021667003631592,3.63289737701416,6000
2007-05-17,3.9700000286102295,4.070000171661377,3.9700000286102295,4.070000171661377,3.676558017730713,8400
2007-05-18,4.083333015441895,4.083333015441895,4.059999942779541,4.059999942779541,3.667524814605713,19800
2007-05-22,3.978332996368408,3.978332996368408,3.978332996368408,3.978332996368408,3.5937514305114746,1800
2007-05-23,3.9583330154418954,4.02666711807251,3.9583330154418954,4.02666711807251,3.6374142169952393,2400
2007-05-24,4.02666711807251,4.02666711807251,4.02666711807251,4.02666711807251,3.6374142169952393,0
2007-05-25,3.875,3.875,3.875,3.875,3.500407695770264,600
2007-05-28,4.066667079925537,4.066667079925537,3.875,3.875,3.500407695770264,4800
2007-05-30,3.99666690826416,3.99666690826416,3.9166669845581055,3.9166669845581055,3.538047313690185,6600
2007-05-31,3.9166669845581055,3.9166669845581055,3.9166669845581055,3.9166669845581055,3.538047313690185,0
2007-06-01,3.875,3.9166669845581055,3.866667032241821,3.866667032241821,3.492881774902344,4278000
2007-06-04,3.936666965484619,3.9600000381469727,3.884999990463257,3.884999990463257,3.509440898895264,21600
2007-06-05,3.858333110809326,3.858333110809326,3.816667079925537,3.816667079925537,3.4477150440216064,19200
2007-06-06,3.831666946411133,3.831666946411133,3.62833309173584,3.7083330154418954,3.349852561950684,56400
2007-06-07,3.775000095367432,3.775000095367432,3.75,3.75,3.387492179870605,5400
2007-06-08,3.775000095367432,3.775000095367432,3.75,3.75,3.387492179870605,45000
2007-06-11,3.7899999618530273,3.7899999618530273,3.785000085830689,3.785000085830689,3.4191079139709477,4200
2007-06-12,3.75,3.75,3.6666669845581055,3.6666669845581055,3.312213182449341,4800
2007-06-13,3.6666669845581055,3.7133328914642334,3.6666669845581055,3.6666669845581055,3.312213182449341,10200
2007-06-14,3.6666669845581055,3.7166669368743896,3.6666669845581055,3.7166669368743896,3.3573813438415527,1800
2007-06-15,3.8833329677581783,3.8833329677581783,3.8833329677581783,3.8833329677581783,3.507935047149658,1800
2007-06-18,3.8833329677581783,3.911667108535767,3.816667079925537,3.816667079925537,3.4477150440216064,18000
2007-06-19,3.8333330154418954,3.900000095367432,3.80666708946228,3.819999933242798,3.4507253170013428,29400
2007-06-20,3.813333034515381,3.813333034515381,3.813333034515381,3.813333034515381,3.444702386856079,1800
2007-06-21,3.853332996368408,3.880000114440918,3.853332996368408,3.859999895095825,3.486858367919922,12600
2007-06-22,3.911667108535767,3.911667108535767,3.799999952316284,3.880000114440918,3.504924297332764,31200
2007-06-25,3.849999904632568,3.849999904632568,3.849999904632568,3.849999904632568,3.477825403213501,1800
2007-06-26,3.859999895095825,3.859999895095825,3.701667070388794,3.701667070388794,3.3438313007354736,18000
2007-06-27,3.733333110809326,3.741667032241821,3.7083330154418954,3.741667032241821,3.379964828491211,2400
2007-06-28,3.7583329677581783,3.7583329677581783,3.744999885559082,3.755000114440918,3.392009019851685,6000
2007-06-29,3.724999904632568,3.724999904632568,3.7100000381469727,3.7100000381469727,3.351357936859131,7800
2007-07-03,3.728332996368408,3.731667041778565,3.673332929611206,3.686666965484619,3.3302807807922363,10800
2007-07-04,3.7166669368743896,3.7166669368743896,3.7166669368743896,3.7166669368743896,3.3573813438415527,1200
2007-07-05,3.7166669368743896,3.7166669368743896,3.7166669368743896,3.7166669368743896,3.3573813438415527,0
2007-07-06,3.825000047683716,3.829999923706055,3.825000047683716,3.829999923706055,3.4597573280334477,2400
2007-07-09,3.829999923706055,3.829999923706055,3.829999923706055,3.829999923706055,3.4597573280334477,0
2007-07-10,3.734999895095825,3.734999895095825,3.7083330154418954,3.7083330154418954,3.349852561950684,19200
2007-07-11,3.6766669750213614,3.6766669750213614,3.62833309173584,3.62833309173584,3.2775864601135254,78600
2007-07-12,3.673332929611206,3.673332929611206,3.673332929611206,3.673332929611206,3.3182358741760254,3000
2007-07-13,3.670000076293945,3.670000076293945,3.6016669273376465,3.6016669273376465,3.25349760055542,1800
2007-07-16,3.625,3.6383330821990967,3.5916669368743896,3.5916669368743896,3.244464159011841,12000
2007-07-17,3.616667032241821,3.6666669845581055,3.553333044052124,3.6666669845581055,3.312213182449341,5400
2007-07-18,3.75,3.75,3.613332986831665,3.691667079925537,3.3347980976104736,39600
2007-07-19,3.691667079925537,3.700000047683716,3.625,3.625,3.27457594871521,13800
2007-07-20,3.660000085830689,3.660000085830689,3.501667022705078,3.5266671180725098,3.185748815536499,28800
2007-07-23,3.609999895095825,3.609999895095825,3.525000095367432,3.525000095367432,3.184242010116577,25200
2007-07-24,3.5916669368743896,3.5916669368743896,3.549999952316284,3.549999952316284,3.2113797664642334,12600
2007-07-25,3.558332920074463,3.563333034515381,3.501667022705078,3.563333034515381,3.2234416007995605,22200
2007-07-26,3.828332901000977,3.828332901000977,3.4816670417785645,3.4816670417785645,3.1495656967163086,31800
2007-07-27,3.384999990463257,3.488332986831665,3.384999990463257,3.488332986831665,3.155595302581787,9000
2007-07-30,3.490000009536743,3.494999885559082,3.490000009536743,3.494999885559082,3.16162657737732,6000
2007-07-31,3.5,3.5,3.5,3.5,3.166149616241455,600
2007-08-01,3.4666669368743896,3.4666669368743896,3.4116671085357666,3.4116671085357666,3.08624267578125,11400
2007-08-02,3.4800000190734863,3.4800000190734863,3.391666889190674,3.3933329582214355,3.069657564163208,22200
2007-08-03,3.436666965484619,3.436666965484619,3.400000095367432,3.400000095367432,3.075688123703003,10200
2007-08-07,3.446666955947876,3.446666955947876,3.4083330631256104,3.4083330631256104,3.08322548866272,18600
2007-08-08,3.5,3.5333330631256104,3.5,3.5333330631256104,3.196303606033325,4800
2007-08-09,3.4633328914642334,3.5,3.4633328914642334,3.4666669368743896,3.1359968185424805,8400
2007-08-10,3.4583330154418945,3.4583330154418945,3.424999952316284,3.424999952316284,3.0983033180236816,10800
2007-08-13,3.56833291053772,3.581666946411133,3.56833291053772,3.581666946411133,3.240025997161865,3600
2007-08-14,3.538332939147949,3.538332939147949,3.5316669940948486,3.5316669940948486,3.194795608520508,3000
2007-08-15,3.4749999046325684,3.4749999046325684,3.416666984558105,3.416666984558105,3.0907647609710693,2400
2007-08-16,3.37833309173584,3.37833309173584,3.308332920074463,3.3383328914642334,3.0199036598205566,30000
2007-08-17,3.453332901000977,3.453332901000977,3.416666984558105,3.416666984558105,3.0907647609710693,3000
2007-08-20,3.4733328819274902,3.4733328819274902,3.4083330631256104,3.4083330631256104,3.08322548866272,10200
2007-08-21,3.433332920074463,3.433332920074463,3.373332977294922,3.373332977294922,3.0515644550323486,7800
2007-08-22,3.414999961853028,3.434999942779541,3.414999961853028,3.434999942779541,3.1073498725891118,10200
2007-08-23,3.434999942779541,3.434999942779541,3.434999942779541,3.434999942779541,3.1073498725891118,0
2007-08-24,3.416666984558105,3.416666984558105,3.416666984558105,3.416666984558105,3.0907647609710693,12600
2007-08-27,3.416666984558105,3.416666984558105,3.416666984558105,3.416666984558105,3.0907647609710693,0
2007-08-28,3.414999961853028,3.418333053588867,3.37166690826416,3.37166690826416,3.0500576496124268,16200
2007-08-29,3.4200000762939453,3.7083330154418954,3.359999895095825,3.6333329677581783,3.286764144897461,45600
2007-08-30,3.704999923706055,3.704999923706055,3.581666946411133,3.5833330154418945,3.2415332794189453,37200
2007-08-31,3.6566669940948486,3.6566669940948486,3.6116669178009033,3.6333329677581783,3.291357040405273,12000
2007-09-04,3.756666898727417,3.756666898727417,3.7083330154418954,3.7083330154418954,3.3592987060546875,10800
2007-09-05,3.690000057220459,3.690000057220459,3.690000057220459,3.690000057220459,3.3426902294158936,4800
2007-09-06,3.683332920074463,3.683332920074463,3.683332920074463,3.683332920074463,3.336651086807251,600
2007-09-07,3.625,3.625,3.543333053588867,3.575000047683716,3.238515138626098,13200
2007-09-10,3.558332920074463,3.558332920074463,3.4749999046325684,3.4749999046325684,3.1479265689849854,9600
2007-09-11,3.549999952316284,3.549999952316284,3.549999952316284,3.549999952316284,3.2158665657043457,8400
2007-09-12,3.5850000381469727,3.603332996368408,3.565000057220459,3.565000057220459,3.229456663131714,50400
2007-09-13,3.636667013168335,3.636667013168335,3.565000057220459,3.565000057220459,3.229456663131714,3000
2007-09-14,3.434999942779541,3.6449999809265137,3.434999942779541,3.615000009536743,3.274749517440796,13200
2007-09-17,3.5183329582214355,3.5999999046325684,3.5183329582214355,3.5999999046325684,3.2611618041992188,13800
2007-09-18,3.549999952316284,3.5833330154418945,3.5450000762939453,3.581666946411133,3.244554042816162,21000
2007-09-19,3.5366671085357666,3.566667079925537,3.5299999713897705,3.566667079925537,3.2309658527374268,16200
2007-09-20,3.516666889190674,3.516666889190674,3.4916670322418213,3.4916670322418213,3.16302490234375,11400
2007-09-21,3.541666984558105,3.549999952316284,3.5,3.5333330631256104,3.200769424438477,28800
2007-09-24,3.5350000858306885,3.5350000858306885,3.4600000381469727,3.4733328819274902,3.1464173793792725,11400
2007-09-25,3.37833309173584,3.4116671085357666,3.376667022705078,3.398333072662353,3.078475952148437,9000
2007-09-26,3.438333034515381,3.438333034515381,3.391666889190674,3.4049999713897705,3.0845143795013428,10200
2007-09-27,3.4049999713897705,3.4049999713897705,3.4049999713897705,3.4049999713897705,3.0845143795013428,0
2007-09-28,3.4049999713897705,3.4049999713897705,3.4016671180725098,3.4016671180725098,3.0814969539642334,2400
2007-10-01,3.4016671180725098,3.4083330631256104,3.4016671180725098,3.4033329486846924,3.083005905151367,7800
2007-10-02,3.363332986831665,3.390000104904175,3.363332986831665,3.390000104904175,3.0709266662597656,6000
2007-10-03,3.3333330154418945,3.369999885559082,3.331666946411133,3.3383328914642334,3.024122953414917,23400
2007-10-04,3.3299999237060547,3.358333110809326,3.3299999237060547,3.358333110809326,3.0422401428222656,25200
2007-10-05,3.358333110809326,3.358333110809326,3.345000028610229,3.345000028610229,3.0301623344421387,9000
2007-10-09,3.3499999046325684,3.3499999046325684,3.3399999141693115,3.3416669368743896,3.027143716812134,13200
2007-10-10,3.369999885559082,3.391666889190674,3.369999885559082,3.373332977294922,3.0558292865753174,10800
2007-10-11,3.433332920074463,3.434999942779541,3.433332920074463,3.434999942779541,3.11169171333313,6600
2007-10-12,3.359999895095825,3.4049999713897705,3.359999895095825,3.3666670322418213,3.049790859222412,9000
2007-10-15,3.375,3.376667022705078,3.365000009536743,3.365000009536743,3.048280000686645,6600
2007-10-16,3.3566670417785645,3.3566670417785645,3.3499999046325684,3.3499999046325684,3.0346925258636475,1800
2007-10-17,3.3499999046325684,3.400000095367432,3.3499999046325684,3.400000095367432,3.079985857009888,31800
2007-10-18,3.398333072662353,3.398333072662353,3.391666889190674,3.391666889190674,3.072437047958374,1800
2007-10-19,3.3666670322418213,3.3833329677581787,3.3416669368743896,3.37166690826416,3.0543196201324463,60600
2007-10-22,3.346667051315308,3.4116671085357666,3.346667051315308,3.4116671085357666,3.0905559062957764,12000
2007-10-23,3.3516669273376465,3.3516669273376465,3.3516669273376465,3.3516669273376465,3.0362019538879395,1800
2007-10-24,3.353332996368408,3.4083330631256104,3.353332996368408,3.4083330631256104,3.0875346660614014,7800
2007-10-25,3.359999895095825,3.3933329582214355,3.359999895095825,3.3933329582214355,3.0739471912384038,4200
2007-10-26,3.400000095367432,3.400000095367432,3.400000095367432,3.400000095367432,3.079985857009888,2400
2007-10-29,3.3350000381469727,3.384999990463257,3.293333053588867,3.313333034515381,3.001476526260376,25200
2007-10-30,3.3333330154418945,3.363332986831665,3.325000047683716,3.363332986831665,3.046769380569458,33600
2007-10-31,3.3499999046325684,3.418333053588867,3.3499999046325684,3.418333053588867,3.0965940952301025,11400
2007-11-01,3.418333053588867,3.418333053588867,3.168333053588867,3.201667070388794,2.900319814682007,24600
2007-11-02,3.2083330154418945,3.2083330154418945,3.2083330154418945,3.2083330154418945,2.906359434127808,5400
2007-11-05,3.298332929611206,3.3383328914642334,3.298332929611206,3.3383328914642334,3.024122953414917,42600
2007-11-06,3.251667022705078,3.251667022705078,3.25,3.25,2.9441044330596924,4200
2007-11-07,3.201667070388794,3.201667070388794,3.0983328819274902,3.131666898727417,2.836909055709839,7200
2007-11-08,3.0799999237060547,3.141666889190674,3.078332901000977,3.141666889190674,2.8459694385528564,33600
2007-11-09,3.075000047683716,3.1549999713897705,3.075000047683716,3.1549999713897705,2.8580455780029297,7200
2007-11-12,3.148333072662353,3.148333072662353,3.148333072662353,3.148333072662353,2.852006673812866,4200
2007-11-13,3.148333072662353,3.148333072662353,3.148333072662353,3.148333072662353,2.852006673812866,0
2007-11-14,3.173332929611206,3.173332929611206,3.173332929611206,3.173332929611206,2.874652862548828,600
2007-11-15,3.126667022705078,3.126667022705078,3.125,3.125,2.830869674682617,1800
2007-11-16,3.125,3.125,3.0850000381469727,3.0850000381469727,2.7946341037750244,13800
2007-11-19,3.0850000381469727,3.0850000381469727,2.8350000381469727,2.971667051315308,2.6919686794281006,76200
2007-11-20,3.0,3.069999933242798,2.8333330154418945,2.936666965484619,2.6602632999420166,83400
2007-11-21,2.916666984558105,3.016666889190674,2.914999961853028,3.016666889190674,2.7327325344085693,29400
2007-11-22,2.876667022705078,2.941667079925537,2.876667022705078,2.941667079925537,2.6647911071777344,9000
2007-11-23,2.941667079925537,2.941667079925537,2.941667079925537,2.941667079925537,2.6647911071777344,0
2007-11-26,2.934999942779541,3.0083329677581787,2.934999942779541,2.970000028610229,2.690458297729492,17400
2007-11-27,2.9766669273376465,3.0,2.946666955947876,2.946666955947876,2.674574375152588,4800
2007-11-28,3.025000095367432,3.086667060852051,3.0083329677581787,3.086667060852051,2.801647663116455,9000
2007-11-29,3.0316669940948486,3.0316669940948486,2.970000028610229,3.0,2.722982883453369,19200
2007-11-30,3.0183329582214355,3.048332929611206,3.0183329582214355,3.048332929611206,2.766852378845215,2400
2007-12-03,3.0466670989990234,3.0466670989990234,3.038332939147949,3.041666984558105,2.7608017921447754,1218000
2007-12-04,3.0466670989990234,3.0466670989990234,3.0283329486846924,3.0283329486846924,2.748698711395264,16800
2007-12-05,3.0333330631256104,3.0333330631256104,3.006666898727417,3.023333072662353,2.744161605834961,17400
2007-12-06,3.048332929611206,3.066667079925537,3.041666984558105,3.066667079925537,2.783493995666504,6000
2007-12-07,3.0283329486846924,3.0333330631256104,2.890000104904175,2.890000104904175,2.6231400966644287,10800
2007-12-10,3.041666984558105,3.058332920074463,3.041666984558105,3.058332920074463,2.775929450988769,46200
2007-12-11,3.058332920074463,3.131666898727417,3.058332920074463,3.071666955947876,2.788032531738281,36600
2007-12-12,3.075000047683716,3.075000047683716,2.994999885559082,2.994999885559082,2.718445062637329,4200
2007-12-13,3.0133330821990967,3.0133330821990967,3.0133330821990967,3.0133330821990967,2.7350854873657227,13200
2007-12-14,3.006666898727417,3.006666898727417,2.9600000381469727,2.993333101272583,2.7169318199157715,8400
2007-12-17,2.993333101272583,2.993333101272583,2.9583330154418945,2.9583330154418945,2.685163974761963,37800
2007-12-18,2.94333291053772,2.94333291053772,2.933332920074463,2.933332920074463,2.662470817565918,12000
2007-12-19,2.9200000762939453,2.9800000190734863,2.9200000762939453,2.9800000190734863,2.7048299312591557,30000
2007-12-20,2.930000066757202,2.94333291053772,2.900000095367432,2.900000095367432,2.632216453552246,23400
2007-12-21,2.8350000381469727,2.880000114440918,2.8350000381469727,2.876667022705078,2.6110386848449707,20400
2007-12-24,2.845000028610229,2.998332977294922,2.845000028610229,2.886667013168335,2.620114803314209,13800
2007-12-27,3.0450000762939453,3.0450000762939453,2.875,3.0,2.722982883453369,19200
2007-12-28,3.0,3.0,3.0,3.0,2.722982883453369,0
2008-01-02,3.038332939147949,3.038332939147949,3.038332939147949,3.038332939147949,2.75777530670166,1800
2008-01-03,3.015000104904175,3.015000104904175,3.015000104904175,3.015000104904175,2.7365987300872803,3000
2008-01-04,3.0333330631256104,3.0333330631256104,2.9633328914642334,2.968333005905152,2.694239854812622,24600
2008-01-07,2.968333005905152,2.968333005905152,2.914999961853028,2.914999961853028,2.645831823348999,25800
2008-01-08,2.918333053588867,2.918333053588867,2.918333053588867,2.918333053588867,2.6488566398620605,1200
2008-01-09,2.9583330154418945,2.9583330154418945,2.916666984558105,2.916666984558105,2.6473450660705566,9000
2008-01-10,2.916666984558105,2.918333053588867,2.916666984558105,2.918333053588867,2.6488566398620605,17400
2008-01-11,2.916666984558105,2.916666984558105,2.8333330154418945,2.8333330154418945,2.571705818176269,19800
2008-01-14,2.751667022705078,2.816667079925537,2.751667022705078,2.815000057220459,2.5550663471221924,36000
2008-01-15,2.75,2.75,2.683332920074463,2.744999885559082,2.491529703140259,22800
2008-01-16,2.703332901000977,2.7049999237060547,2.5316669940948486,2.6566669940948486,2.4113523960113525,31200
2008-01-17,2.684999942779541,2.684999942779541,2.684999942779541,2.684999942779541,2.4370687007904053,10800
2008-01-18,2.819999933242798,2.819999933242798,2.819999933242798,2.819999933242798,2.5596039295196533,13800
2008-01-21,2.9116671085357666,2.9116671085357666,2.766666889190674,2.766666889190674,2.511195421218872,14400
2008-01-22,2.6983330249786377,2.7850000858306885,2.6433329582214355,2.7833330631256104,2.5263237953186035,22800
2008-01-23,2.7300000190734863,2.815000057220459,2.7300000190734863,2.748332977294922,2.494553565979004,25800
2008-01-24,2.868333101272583,2.916666984558105,2.791666984558105,2.87833309173584,2.61255145072937,31800
2008-01-25,2.933332920074463,3.0,2.9049999713897705,2.9049999713897705,2.6367557048797607,24600
2008-01-28,2.928333044052124,3.048332929611206,2.884999990463257,2.884999990463257,2.618602514266968,25200
2008-01-29,2.884999990463257,2.884999990463257,2.884999990463257,2.884999990463257,2.618602514266968,0
2008-01-30,2.8333330154418945,2.8333330154418945,2.6716670989990234,2.8233330249786377,2.5626296997070312,170400
2008-01-31,2.7699999809265137,2.8833329677581787,2.755000114440918,2.8833329677581787,2.617088556289673,84600
2008-02-01,2.858333110809326,2.858333110809326,2.831666946411133,2.8333330154418945,2.571705818176269,22800
2008-02-04,2.8399999141693115,2.916666984558105,2.8399999141693115,2.916666984558105,2.6473450660705566,18000
2008-02-05,2.916666984558105,2.916666984558105,2.916666984558105,2.916666984558105,2.6473450660705566,0
2008-02-06,2.773333072662353,2.7783329486846924,2.773333072662353,2.7783329486846924,2.521784543991089,7800
2008-02-07,2.765000104904175,2.799999952316284,2.765000104904175,2.799999952316284,2.5414509773254395,6000
2008-02-08,2.914999961853028,2.916666984558105,2.914999961853028,2.916666984558105,2.6473450660705566,16200
2008-02-11,2.836667060852051,3.0466670989990234,2.836667060852051,3.0466670989990234,2.765341520309448,3000
2008-02-12,2.884999990463257,2.916666984558105,2.884999990463257,2.916666984558105,2.6473450660705566,15000
2008-02-14,2.941667079925537,2.941667079925537,2.941667079925537,2.941667079925537,2.670034885406494,1800
2008-02-15,2.941667079925537,2.941667079925537,2.941667079925537,2.941667079925537,2.670034885406494,0
2008-02-19,2.941667079925537,3.049999952316284,2.941667079925537,2.94333291053772,2.6715476512908936,17400
2008-02-20,2.918333053588867,2.940000057220459,2.916666984558105,2.940000057220459,2.668523073196411,5400
2008-02-21,2.940000057220459,2.940000057220459,2.940000057220459,2.940000057220459,2.668523073196411,0
2008-02-22,2.8350000381469727,2.873332977294922,2.8350000381469727,2.873332977294922,2.6080129146575928,5400
2008-02-25,2.914999961853028,2.924999952316284,2.914999961853028,2.924999952316284,2.6549088954925537,18000
2008-02-26,2.924999952316284,2.924999952316284,2.924999952316284,2.924999952316284,2.6549088954925537,0
2008-02-27,2.843333005905152,2.843333005905152,2.8333330154418945,2.8333330154418945,2.571705818176269,7200
2008-02-28,2.994999885559082,2.994999885559082,2.7850000858306885,2.799999952316284,2.5414509773254395,408000
2008-02-29,2.808332920074463,2.819999933242798,2.808332920074463,2.819999933242798,2.5596039295196533,10200
2008-03-03,2.788332939147949,2.791666984558105,2.788332939147949,2.791666984558105,2.5338869094848637,13800
2008-03-04,2.798332929611206,2.798332929611206,2.756666898727417,2.756666898727417,2.502118825912476,260400
2008-03-05,2.743333101272583,2.743333101272583,2.69333291053772,2.7416670322418213,2.48850417137146,6600
2008-03-06,2.720000028610229,2.720000028610229,2.691667079925537,2.69333291053772,2.444632768630981,6000
2008-03-07,2.666666984558105,2.668333053588867,2.6616671085357666,2.6616671085357666,2.415891170501709,4200
2008-03-10,2.648333072662353,2.648333072662353,2.565000057220459,2.5799999237060547,2.3417654037475586,11400
2008-03-11,2.5350000858306885,2.571666955947876,2.5133330821990967,2.5133330821990967,2.281254529953003,14400
2008-03-12,2.548332929611206,2.5516669750213623,2.498332977294922,2.5,2.269153118133545,202800
2008-03-13,2.4200000762939453,2.470000028610229,2.3833329677581787,2.4649999141693115,2.2373833656311035,213000
2008-03-14,2.4666669368743896,2.484999895095825,2.400000095367432,2.484999895095825,2.2555370330810547,151200
2008-03-17,2.4583330154418945,2.484999895095825,2.4583330154418945,2.484999895095825,2.2555370330810547,9092400
2008-03-18,2.5,2.5,2.5,2.5,2.269153118133545,6000
2008-03-19,2.498332977294922,2.523333072662353,2.498332977294922,2.523333072662353,2.290330410003662,7800
2008-03-20,2.5083329677581787,2.5083329677581787,2.5083329677581787,2.5083329677581787,2.281991481781006,1200
2008-03-24,2.566667079925537,2.566667079925537,2.566667079925537,2.566667079925537,2.3350613117218018,1800
2008-03-25,2.566667079925537,2.578332901000977,2.566667079925537,2.578332901000977,2.345674991607666,1800
2008-03-26,2.5833330154418945,2.7416670322418213,2.5833330154418945,2.7416670322418213,2.494269847869873,2400
2008-03-27,2.7416670322418213,2.7416670322418213,2.7416670322418213,2.7416670322418213,2.494269847869873,0
2008-03-31,2.666666984558105,2.75,2.666666984558105,2.7166669368743896,2.4715259075164795,25200
2008-04-01,2.666666984558105,2.666666984558105,2.666666984558105,2.666666984558105,2.426037311553955,16200
2008-04-02,2.666666984558105,2.666666984558105,2.666666984558105,2.666666984558105,2.426037311553955,0
2008-04-03,2.640000104904175,2.640000104904175,2.5999999046325684,2.5999999046325684,2.365386247634888,3220800
2008-04-04,2.56833291053772,2.56833291053772,2.56833291053772,2.56833291053772,2.336577177047729,4200
2008-04-07,2.56833291053772,2.5883328914642334,2.56833291053772,2.5883328914642334,2.3547730445861816,7800
2008-04-08,2.501667022705078,2.525000095367432,2.5,2.505000114440918,2.278959989547729,12000
2008-04-09,2.581666946411133,2.581666946411133,2.4583330154418945,2.483333110809326,2.259246826171875,7200
2008-04-10,2.5,2.5,2.368333101272583,2.49666690826416,2.271378755569458,4200
2008-04-11,2.3666670322418213,2.4866669178009038,2.3666670322418213,2.430000066757202,2.210726737976074,28800
2008-04-14,2.478332996368408,2.478332996368408,2.478332996368408,2.478332996368408,2.2546980381011963,600
2008-04-15,2.4016671180725098,2.4266669750213623,2.4016671180725098,2.4266669750213623,2.207695484161377,11400
2008-04-16,2.565000057220459,2.565000057220459,2.380000114440918,2.380000114440918,2.16523814201355,9000
2008-04-17,2.380000114440918,2.380000114440918,2.380000114440918,2.380000114440918,2.16523814201355,0
2008-04-18,2.384999990463257,2.384999990463257,2.3666670322418213,2.3666670322418213,2.153109073638916,8400
2008-04-21,2.3666670322418213,2.3666670322418213,2.3666670322418213,2.3666670322418213,2.153109073638916,600
2008-04-22,2.3666670322418213,2.3666670322418213,2.25,2.299999952316284,2.0924575328826904,9600
2008-04-23,2.2633330821990967,2.266666889190674,2.25,2.25,2.046969413757324,10200
2008-04-24,2.25,2.25,2.25,2.25,2.046969413757324,1800
2008-04-25,2.2866671085357666,2.288332939147949,2.2866671085357666,2.288332939147949,2.081843137741089,6600
2008-04-28,2.288332939147949,2.3933329582214355,2.288332939147949,2.3833329677581787,2.16827130317688,14400
2008-04-29,2.37833309173584,2.380000114440918,2.331666946411133,2.3499999046325684,2.137945413589477,11400
2008-04-30,2.2683329582214355,2.390000104904175,2.2683329582214355,2.390000104904175,2.174336671829224,4200
2008-05-01,2.390000104904175,2.416666984558105,2.384999990463257,2.416666984558105,2.1985971927642822,11400
2008-05-02,2.369999885559082,2.369999885559082,2.369999885559082,2.369999885559082,2.1561412811279297,4800
2008-05-05,2.369999885559082,2.461667060852051,2.369999885559082,2.461667060852051,2.239536762237549,1800
2008-05-06,2.424999952316284,2.424999952316284,2.363332986831665,2.363332986831665,2.150075674057007,16200
2008-05-07,2.4666669368743896,2.468333005905152,2.4666669368743896,2.468333005905152,2.245600700378418,9600
2008-05-08,2.4666669368743896,2.6616671085357666,2.4666669368743896,2.5999999046325684,2.365386247634888,10800
2008-05-09,2.663332939147949,2.663332939147949,2.650000095367432,2.650000095367432,2.4108753204345703,1800
2008-05-12,2.666666984558105,2.666666984558105,2.618333101272583,2.618333101272583,2.382066488265991,3600
2008-05-13,2.5316669940948486,2.5316669940948486,2.5316669940948486,2.5316669940948486,2.303219556808472,600
2008-05-14,2.5316669940948486,2.5316669940948486,2.5316669940948486,2.5316669940948486,2.303219556808472,0
2008-05-15,2.5350000858306885,2.5350000858306885,2.5333330631256104,2.5333330631256104,2.3047351837158203,4800
2008-05-16,2.501667022705078,2.511667013168335,2.5,2.5,2.274410963058472,9600
2008-05-20,2.4583330154418945,2.4583330154418945,2.44333291053772,2.44333291053772,2.222856283187866,1800
2008-05-21,2.511667013168335,2.5133330821990967,2.50333309173584,2.50333309173584,2.277442216873169,13800
2008-05-22,2.428333044052124,2.44333291053772,2.428333044052124,2.44333291053772,2.222856283187866,3600
2008-05-23,2.44333291053772,2.44333291053772,2.44333291053772,2.44333291053772,2.222856283187866,0
2008-05-26,2.343333005905152,2.515000104904175,2.343333005905152,2.515000104904175,2.2880570888519287,13800
2008-05-27,2.488332986831665,2.488332986831665,2.488332986831665,2.488332986831665,2.263795852661133,1800
2008-05-28,2.488332986831665,2.523333072662353,2.488332986831665,2.516666889190674,2.2895729541778564,5400
2008-05-29,2.516666889190674,2.516666889190674,2.516666889190674,2.516666889190674,2.2895729541778564,0
2008-05-30,2.4916670322418213,2.4916670322418213,2.453332901000977,2.453332901000977,2.231952667236328,5400
2008-06-02,2.4666669368743896,2.4666669368743896,2.4083330631256104,2.4083330631256104,2.191014289855957,11400
2008-06-03,2.3516669273376465,2.3949999809265137,2.3516669273376465,2.3949999809265137,2.178884744644165,5400
2008-06-04,2.3949999809265137,2.3949999809265137,2.3949999809265137,2.3949999809265137,2.178884744644165,0
2008-06-06,2.3333330154418945,2.3333330154418945,2.273333072662353,2.273333072662353,2.0681965351104736,8400
2008-06-09,2.3299999237060547,2.3666670322418213,2.228332996368408,2.228332996368408,2.0272576808929443,29400
2008-06-10,2.196666955947876,2.2316670417785645,2.196666955947876,2.2316670417785645,2.0302908420562744,3000
2008-06-11,2.134999990463257,2.134999990463257,2.134999990463257,2.134999990463257,1.9423463344573972,1800
2008-06-12,2.174999952316284,2.184999942779541,2.173332929611206,2.180000066757202,1.9832861423492432,7800
2008-06-13,2.1716670989990234,2.248332977294922,2.1716670989990234,2.248332977294922,2.045453786849976,15000
2008-06-16,2.248332977294922,2.248332977294922,2.248332977294922,2.248332977294922,2.045453786849976,0
2008-06-17,2.266666889190674,2.3016669750213623,2.266666889190674,2.3016669750213623,2.0939745903015137,21600
2008-06-18,2.168333053588867,2.325000047683716,2.168333053588867,2.325000047683716,2.115201711654663,6000
2008-06-19,2.168333053588867,2.289999961853028,2.168333053588867,2.289999961853028,2.0833606719970703,6000
2008-06-20,2.168333053588867,2.1700000762939453,2.166666984558105,2.168333053588867,1.9726710319519043,9000
2008-06-23,2.164999961853028,2.166666984558105,2.164999961853028,2.166666984558105,1.9711560010910036,3600
2008-06-24,2.2149999141693115,2.3383328914642334,2.2149999141693115,2.3383328914642334,2.1273317337036133,25200
2008-06-25,2.251667022705078,2.251667022705078,2.2300000190734863,2.2316670417785645,2.0302908420562744,3600
2008-06-26,2.184999942779541,2.25,2.1716670989990234,2.1716670989990234,1.975704789161682,2400
2008-06-27,2.2083330154418945,2.2083330154418945,2.2083330154418945,2.2083330154418945,2.009063243865967,1200
2008-06-30,2.259999990463257,2.259999990463257,2.259999990463257,2.259999990463257,2.0560665130615234,1200
2008-07-02,2.325000047683716,2.345000028610229,2.174999952316284,2.1766669750213623,1.9802536964416504,10800
2008-07-03,2.200000047683716,2.200000047683716,2.125,2.125,1.9332488775253296,12600
2008-07-04,2.206666946411133,2.206666946411133,2.1333329677581787,2.1583330631256104,1.9635738134384155,8400
2008-07-07,2.150000095367432,2.183332920074463,2.115000009536743,2.115000009536743,1.924150824546814,21600
2008-07-08,2.180000066757202,2.180000066757202,2.180000066757202,2.180000066757202,1.9832861423492432,2400
2008-07-09,2.0983328819274902,2.0983328819274902,2.025000095367432,2.049999952316284,1.8650166988372805,17400
2008-07-10,2.049999952316284,2.049999952316284,2.0333330631256104,2.0333330631256104,1.849852919578552,3600
2008-07-11,2.049999952316284,2.049999952316284,1.9800000190734863,1.9800000190734863,1.8013335466384888,7800
2008-07-14,1.9583330154418943,1.988332986831665,1.9583330154418943,1.988332986831665,1.808914303779602,4200
2008-07-15,1.919999957084656,1.955000042915344,1.8416670560836792,1.8416670560836792,1.6754827499389648,16200
2008-07-16,1.8600000143051147,1.8600000143051147,1.7366670370101929,1.75,1.592086911201477,23400
2008-07-17,1.75,1.75,1.7200000286102295,1.7283329963684082,1.5723754167556765,35400
2008-07-18,1.7716670036315918,1.786666989326477,1.75,1.786666989326477,1.62544584274292,12000
2008-07-21,1.7649999856948853,1.7999999523162842,1.7433329820632937,1.7833329439163208,1.6224125623703003,27600
2008-07-22,1.7833329439163208,1.7833329439163208,1.7833329439163208,1.7833329439163208,1.6277368068695068,0
2008-07-23,1.7833329439163208,1.7833329439163208,1.7833329439163208,1.7833329439163208,1.6277368068695068,0
2008-07-24,1.8016669750213623,1.8200000524520876,1.7983330488204956,1.7983330488204956,1.6414278745651243,21000
2008-07-25,1.8333330154418943,1.8333330154418943,1.8200000524520876,1.8200000524520876,1.6612045764923096,13800
2008-07-28,1.8350000381469729,1.846667051315308,1.828333020210266,1.840000033378601,1.6794594526290894,4200
2008-07-29,1.9983329772949217,1.9983329772949217,1.8116669654846191,1.8116669654846191,1.6535989046096802,26400
2008-07-30,1.7983330488204956,1.9149999618530276,1.7983330488204956,1.825000047683716,1.6657686233520508,13800
2008-07-31,1.825000047683716,1.825000047683716,1.825000047683716,1.825000047683716,1.6657686233520508,0
2008-08-05,2.0,2.063333034515381,2.0,2.063333034515381,1.883306622505188,5400
2008-08-06,2.001667022705078,2.043333053588867,1.9833329916000368,1.9833329916000368,1.8102866411209104,7200
2008-08-07,1.9566669464111328,2.0,1.953333020210266,2.0,1.825499415397644,13200
2008-08-08,2.0133330821990967,2.049999952316284,2.0133330821990967,2.041666984558105,1.8635307550430296,6000
2008-08-11,2.041666984558105,2.096667051315308,2.041666984558105,2.0899999141693115,1.907646656036377,5400
2008-08-12,2.0833330154418945,2.0833330154418945,2.0350000858306885,2.048332929611206,1.8696157932281492,17400
2008-08-13,2.041666984558105,2.041666984558105,2.038332939147949,2.038332939147949,1.860487461090088,7200
2008-08-14,2.0333330631256104,2.059999942779541,2.0333330631256104,2.059999942779541,1.8802646398544312,5400
2008-08-15,2.059999942779541,2.059999942779541,2.059999942779541,2.059999942779541,1.8802646398544312,0
2008-08-18,2.1449999809265137,2.1449999809265137,2.1449999809265137,2.1449999809265137,1.95784854888916,2400
2008-08-19,2.136667013168335,2.163332939147949,2.1066670417785645,2.1066670417785645,1.9228591918945312,11400
2008-08-20,2.150000095367432,2.2166669368743896,2.150000095367432,2.1516671180725098,1.9639331102371216,8400
2008-08-21,2.1549999713897705,2.1566669940948486,2.108333110809326,2.108333110809326,1.924380898475647,14400
2008-08-22,2.1533329486846924,2.1816670894622803,2.1533329486846924,2.1583330631256104,1.970017433166504,9000
2008-08-25,2.1983330249786377,2.1983330249786377,2.086667060852051,2.086667060852051,1.9046051502227783,12000
2008-08-26,2.0916669368743896,2.0916669368743896,2.0916669368743896,2.0916669368743896,1.909168601036072,2400
2008-08-27,2.063333034515381,2.063333034515381,2.061666965484619,2.061666965484619,1.8817864656448364,1800
2008-08-28,2.043333053588867,2.1016669273376465,2.043333053588867,2.1016669273376465,1.918296217918396,3000
2008-08-29,2.1333329677581787,2.141666889190674,2.1166670322418213,2.141666889190674,1.954805850982666,75600
2008-09-02,2.19333291053772,2.3333330154418945,2.125,2.275000095367432,2.0765061378479004,192600
2008-09-03,2.3066670894622803,2.3350000381469727,2.2633330821990967,2.3333330154418945,2.129748821258545,20400
2008-09-04,2.173332929611206,2.2683329582214355,2.173332929611206,2.2683329582214355,2.070420742034912,7800
2008-09-05,2.218333005905152,2.218333005905152,2.211667060852051,2.211667060852051,2.0186986923217773,10800
2008-09-08,2.265000104904175,2.3416669368743896,2.265000104904175,2.3416669368743896,2.1373555660247803,15600
2008-09-09,2.3333330154418945,2.3333330154418945,2.3333330154418945,2.3333330154418945,2.1350677013397217,1200
2008-09-10,2.3933329582214355,2.4200000762939453,2.3933329582214355,2.418333053588867,2.2128443717956543,8400
2008-09-11,2.444999933242798,2.4666669368743896,2.4200000762939453,2.4666669368743896,2.257072687149048,13200
2008-09-12,2.428333044052124,2.428333044052124,2.428333044052124,2.428333044052124,2.2219955921173096,1800
2008-09-15,2.37166690826416,2.456666946411133,2.37166690826416,2.456666946411133,2.24792218208313,9600
2008-09-16,2.291666984558105,2.436666965484619,2.291666984558105,2.37166690826416,2.17014479637146,21000
2008-09-17,2.326667070388794,2.358333110809326,2.305000066757202,2.305000066757202,2.10914158821106,20400
2008-09-18,2.291666984558105,2.291666984558105,2.291666984558105,2.291666984558105,2.0969431400299072,1800
2008-09-19,2.3949999809265137,2.446666955947876,2.3666670322418213,2.430000066757202,2.223520517349243,12600
2008-09-22,2.368333101272583,2.4066669940948486,2.368333101272583,2.4066669940948486,2.202171564102173,6600
2008-09-23,2.4066669940948486,2.4066669940948486,2.4066669940948486,2.4066669940948486,2.202171564102173,0
2008-09-24,2.2049999237060547,2.2316670417785645,2.2049999237060547,2.2316670417785645,2.042041301727295,16200
2008-09-25,2.2316670417785645,2.2316670417785645,2.2316670417785645,2.2316670417785645,2.042041301727295,0
2008-09-26,2.1533329486846924,2.3666670322418213,2.12166690826416,2.3666670322418213,2.1655690670013428,27000
2008-09-29,2.3399999141693115,2.3399999141693115,2.2300000190734863,2.273333072662353,2.0801665782928467,9600
2008-09-30,2.248332977294922,2.363332986831665,2.248332977294922,2.308332920074463,2.112192153930664,7200
2008-10-01,2.2966670989990234,2.3333330154418945,2.2966670989990234,2.3333330154418945,2.1350677013397217,4800
2008-10-02,2.2866671085357666,2.336667060852051,2.2866671085357666,2.336667060852051,2.1381185054779053,5400
2008-10-03,2.441667079925537,2.5333330631256104,2.375,2.44333291053772,2.2357213497161865,18000
2008-10-06,2.3550000190734863,2.3550000190734863,2.2366669178009038,2.2366669178009038,2.0466153621673584,12000
2008-10-07,2.220000028610229,2.37166690826416,2.220000028610229,2.220000028610229,2.031364917755127,35400
2008-10-08,2.126667022705078,2.220000028610229,2.0883328914642334,2.201667070388794,2.01459002494812,13800
2008-10-09,2.2633330821990967,2.2866671085357666,2.2633330821990967,2.2866671085357666,2.092366933822632,4800
2008-10-10,2.25,2.25,2.126667022705078,2.126667022705078,1.9459630250930784,11400
2008-10-14,2.168333053588867,2.4266669750213623,2.168333053588867,2.4116671085357666,2.2067461013793945,15600
2008-10-15,2.3949999809265137,2.3949999809265137,2.2950000762939453,2.2950000762939453,2.0999913215637207,20400
2008-10-16,2.3333330154418945,2.3333330154418945,2.3333330154418945,2.3333330154418945,2.1350677013397217,1800
2008-10-17,2.400000095367432,2.4116671085357666,2.336667060852051,2.4116671085357666,2.2067461013793945,5400
2008-10-20,2.3833329677581787,2.5999999046325684,2.3833329677581787,2.5916669368743896,2.3714513778686523,26400
2008-10-21,2.5299999713897705,2.5299999713897705,2.416666984558105,2.441667079925537,2.2341971397399902,5400
2008-10-22,2.450000047683716,2.450000047683716,2.450000047683716,2.450000047683716,2.2418220043182373,3000
2008-10-23,2.450000047683716,2.4549999237060547,2.450000047683716,2.4549999237060547,2.2463972568511963,8400
2008-10-24,2.509999990463257,2.509999990463257,2.440000057220459,2.446666955947876,2.238771438598633,7200
2008-10-27,2.4749999046325684,2.501667022705078,2.3550000190734863,2.3550000190734863,2.154892921447754,14400
2008-10-28,2.484999895095825,2.488332986831665,2.4583330154418945,2.4583330154418945,2.2494466304779053,8400
2008-10-29,2.565000057220459,2.566667079925537,2.5450000762939453,2.5450000762939453,2.328749179840088,2400
2008-10-30,2.541666984558105,2.619999885559082,2.541666984558105,2.619999885559082,2.397376775741577,12600
2008-10-31,2.668333053588867,2.721667051315308,2.666666984558105,2.721667051315308,2.490405321121216,6600
2008-11-03,2.7833330631256104,2.7833330631256104,2.7833330631256104,2.7833330631256104,2.5468318462371826,1200
2008-11-04,2.7049999237060547,2.7049999237060547,2.6566669940948486,2.6566669940948486,2.4309277534484863,13800
2008-11-05,2.630000114440918,2.630000114440918,2.630000114440918,2.630000114440918,2.4065277576446533,3600
2008-11-06,2.756666898727417,2.756666898727417,2.5883328914642334,2.62166690826416,2.398902177810669,4800
2008-11-07,2.56833291053772,2.6166670322418213,2.56833291053772,2.603332996368408,2.3821258544921875,11400
2008-11-10,2.603332996368408,2.603332996368408,2.603332996368408,2.603332996368408,2.3821258544921875,0
2008-11-11,2.5850000381469727,2.5850000381469727,2.5850000381469727,2.5850000381469727,2.3653509616851807,4800
2008-11-12,2.5850000381469727,2.5850000381469727,2.5850000381469727,2.5850000381469727,2.3653509616851807,0
2008-11-13,2.626667022705078,2.631666898727417,2.596667051315308,2.6166670322418213,2.3943262100219727,3600
2008-11-14,2.691667079925537,2.691667079925537,2.648333072662353,2.6549999713897705,2.4294028282165527,10200
2008-11-17,2.5883328914642334,2.613332986831665,2.569999933242798,2.613332986831665,2.391275644302368,6000
2008-11-18,2.358333110809326,2.6583330631256104,2.358333110809326,2.625,2.401952028274536,41400
2008-11-19,2.6166670322418213,2.6166670322418213,2.576667070388794,2.576667070388794,2.3577253818511963,12000
2008-11-20,2.444999933242798,2.444999933242798,2.444999933242798,2.444999933242798,2.237246036529541,1800
2008-11-21,2.433332920074463,2.436666965484619,2.345000028610229,2.436666965484619,2.229621410369873,23400
2008-11-24,2.461667060852051,2.461667060852051,2.3333330154418945,2.3333330154418945,2.1350677013397217,10800
2008-11-25,2.2783329486846924,2.343333005905152,2.168333053588867,2.168333053588867,1.9840881824493408,20400
2008-11-26,1.8583329916000368,2.0999999046325684,1.8583329916000368,2.0,1.830058217048645,45000
2008-11-27,2.0,2.0,1.9866670370101929,1.9866670370101929,1.8178585767745967,2400
2008-11-28,2.0333330631256104,2.06833291053772,1.9966670274734497,2.06833291053772,1.892585515975952,3600
2008-12-01,2.0833330154418945,2.0833330154418945,2.016666889190674,2.016666889190674,1.845309138298035,11400
2008-12-02,1.965000033378601,2.038332939147949,1.928333044052124,1.9850000143051147,1.82160222530365,15000
2008-12-03,2.016666889190674,2.016666889190674,2.016666889190674,2.016666889190674,1.8506625890731807,6000
2008-12-04,1.934999942779541,1.9900000095367432,1.934999942779541,1.9450000524520876,1.7848947048187256,31800
2008-12-05,1.9850000143051147,2.0916669368743896,1.9850000143051147,2.0916669368743896,1.919489026069641,3600
2008-12-08,2.166666984558105,2.166666984558105,2.06833291053772,2.0916669368743896,1.919489026069641,24600
2008-12-09,2.075000047683716,2.233333110809326,2.075000047683716,2.2316670417785645,2.0479652881622314,18600
2008-12-10,2.256666898727417,2.259999990463257,2.25333309173584,2.25333309173584,2.067847490310669,10200
2008-12-11,2.206666946411133,2.206666946411133,2.173332929611206,2.173332929611206,1.9944326877593996,14400
2008-12-12,2.19333291053772,2.248332977294922,2.1716670989990234,2.248332977294922,2.063258409500122,7800
2008-12-15,2.184999942779541,2.190000057220459,2.1700000762939453,2.1700000762939453,1.9913737773895264,21600
2008-12-16,2.1616671085357666,2.266666889190674,2.1600000858306885,2.211667060852051,2.0296106338500977,33000
2008-12-17,2.211667060852051,2.211667060852051,2.211667060852051,2.211667060852051,2.0296106338500977,0
2008-12-18,2.186666965484619,2.305000066757202,2.119999885559082,2.140000104904175,1.9638434648513796,16800
2008-12-19,2.218333005905152,2.218333005905152,2.183332920074463,2.183332920074463,2.0036096572875977,9000
2008-12-22,2.2133328914642334,2.234999895095825,2.19333291053772,2.19333291053772,2.0127856731414795,9000
2008-12-23,2.2083330154418945,2.326667070388794,2.2083330154418945,2.2083330154418945,2.02655029296875,21000
2008-12-24,2.1533329486846924,2.186666965484619,2.1533329486846924,2.186666965484619,2.00666880607605,9000
2008-12-29,2.190000057220459,2.194999933242798,2.190000057220459,2.194999933242798,2.014315366744995,2400
2008-12-30,2.3483328819274902,2.3483328819274902,2.3483328819274902,2.3483328819274902,2.155026912689209,1800
2008-12-31,2.3483328819274902,2.3483328819274902,2.3483328819274902,2.3483328819274902,2.155026912689209,0
2009-01-05,2.418333053588867,2.418333053588867,2.416666984558105,2.416666984558105,2.217735528945923,6000
2009-01-06,2.376667022705078,2.376667022705078,2.376667022705078,2.376667022705078,2.181028366088867,600
2009-01-07,2.376667022705078,2.376667022705078,2.376667022705078,2.376667022705078,2.181028366088867,0
2009-01-09,2.251667022705078,2.271667003631592,2.251667022705078,2.271667003631592,2.0846710205078125,2400
2009-01-12,2.3016669750213623,2.305000066757202,2.3016669750213623,2.3016669750213623,2.112201690673828,9600
2009-01-13,2.3616669178009038,2.4483330249786377,2.3616669178009038,2.4266669750213623,2.2269132137298584,21000
2009-01-14,2.345000028610229,2.345000028610229,2.345000028610229,2.345000028610229,2.151968240737915,1200
2009-01-15,2.3833329677581787,2.440000057220459,2.3833329677581787,2.438333034515381,2.237617254257202,2400
2009-01-16,2.49666690826416,2.501667022705078,2.49666690826416,2.498332977294922,2.29267954826355,6000
2009-01-19,2.498332977294922,2.498332977294922,2.498332977294922,2.498332977294922,2.29267954826355,0
2009-01-20,2.4600000381469727,2.478332996368408,2.4583330154418945,2.4733328819274902,2.2697370052337646,12600
2009-01-21,2.4016671180725098,2.478332996368408,2.4016671180725098,2.478332996368408,2.274325370788574,2400
2009-01-22,2.4316670894622803,2.4316670894622803,2.4316670894622803,2.4316670894622803,2.2315003871917725,1800
2009-01-23,2.4316670894622803,2.4316670894622803,2.4316670894622803,2.4316670894622803,2.2315003871917725,0
2009-01-26,2.3833329677581787,2.3833329677581787,2.3483328819274902,2.3483328819274902,2.155026912689209,4200
2009-01-28,2.24666690826416,2.24666690826416,2.24666690826416,2.24666690826416,2.0617291927337646,600
2009-01-29,2.24666690826416,2.24666690826416,2.24666690826416,2.24666690826416,2.0617291927337646,0
2009-01-30,2.37166690826416,2.375,2.325000047683716,2.375,2.1794989109039307,15600
2009-02-02,2.365000009536743,2.44333291053772,2.365000009536743,2.44333291053772,2.242206335067749,3600
2009-02-03,2.298332929611206,2.313333034515381,2.298332929611206,2.313333034515381,2.1229076385498047,3000
2009-02-04,2.315000057220459,2.315000057220459,2.315000057220459,2.315000057220459,2.1244380474090576,1200
2009-02-05,2.315000057220459,2.315000057220459,2.315000057220459,2.315000057220459,2.1244380474090576,0
2009-02-06,2.315000057220459,2.315000057220459,2.271667003631592,2.271667003631592,2.0846710205078125,9600
2009-02-09,2.201667070388794,2.289999961853028,2.184999942779541,2.2083330154418945,2.02655029296875,64800
2009-02-10,2.168333053588867,2.168333053588867,2.1166670322418213,2.1166670322418213,1.9424313306808472,21000
2009-02-11,2.1166670322418213,2.1166670322418213,2.1166670322418213,2.1166670322418213,1.9424313306808472,0
2009-02-12,2.163332939147949,2.163332939147949,2.093333005905152,2.093333005905152,1.921017289161682,4800
2009-02-13,2.109999895095825,2.109999895095825,2.109999895095825,2.109999895095825,1.9363120794296265,1200
2009-02-17,2.109999895095825,2.109999895095825,2.109999895095825,2.109999895095825,1.9363120794296265,0
2009-02-18,2.1066670417785645,2.164999961853028,2.1066670417785645,2.12166690826416,1.9470196962356567,19800
2009-02-19,2.12166690826416,2.12166690826416,2.12166690826416,2.12166690826416,1.9470196962356567,0
2009-02-20,2.12166690826416,2.12166690826416,2.12166690826416,2.12166690826416,1.9470196962356567,9000
2009-02-23,2.12166690826416,2.259999990463257,2.0516669750213623,2.0516669750213623,1.8827807903289795,18600
2009-02-24,2.069999933242798,2.069999933242798,2.069999933242798,2.069999933242798,1.8996057510375977,2400
2009-02-25,2.1600000858306885,2.1600000858306885,2.1600000858306885,2.1600000858306885,1.98219633102417,600
2009-02-26,2.1600000858306885,2.1600000858306885,2.1600000858306885,2.1600000858306885,1.98219633102417,0
2009-03-03,2.168333053588867,2.233333110809326,2.168333053588867,2.233333110809326,2.0494935512542725,4200
2009-03-04,2.298332929611206,2.298332929611206,2.24666690826416,2.24666690826416,2.0617291927337646,32400
2009-03-06,2.25,2.25,2.220000028610229,2.220000028610229,2.037257194519043,2400
2009-03-09,2.220000028610229,2.220000028610229,2.220000028610229,2.220000028610229,2.037257194519043,0
2009-03-11,2.206666946411133,2.206666946411133,2.206666946411133,2.206666946411133,2.025022506713867,600
2009-03-12,2.206666946411133,2.206666946411133,2.206666946411133,2.206666946411133,2.025022506713867,0
2009-03-13,2.240000009536743,2.240000009536743,2.240000009536743,2.240000009536743,2.0556118488311768,7200
2009-03-16,2.2100000381469727,2.2100000381469727,2.2083330154418945,2.2083330154418945,2.02655029296875,1800
2009-03-17,2.168333053588867,2.168333053588867,2.166666984558105,2.166666984558105,1.988314747810364,14400
2009-03-18,2.166666984558105,2.166666984558105,2.166666984558105,2.166666984558105,1.988314747810364,600
2009-03-19,2.1516671180725098,2.1516671180725098,2.058332920074463,2.0850000381469727,1.9133708477020264,13200
2009-03-20,2.0850000381469727,2.0850000381469727,2.0850000381469727,2.0850000381469727,1.9133708477020264,0
2009-03-23,2.0850000381469727,2.0850000381469727,2.0850000381469727,2.0850000381469727,1.9187390804290767,0
2009-03-24,2.025000095367432,2.238332986831665,2.025000095367432,2.238332986831665,2.059845209121704,10800
2009-03-25,2.238332986831665,2.238332986831665,2.238332986831665,2.238332986831665,2.059845209121704,6600
2009-03-26,2.234999895095825,2.234999895095825,2.234999895095825,2.234999895095825,2.056776762008667,1800
2009-03-27,2.134999990463257,2.178333044052124,2.134999990463257,2.178333044052124,2.004629373550415,3000
2009-03-30,2.1983330249786377,2.1983330249786377,2.136667013168335,2.166666984558105,1.993893265724182,5400
2009-03-31,2.228332996368408,2.2300000190734863,2.228332996368408,2.2300000190734863,2.0521762371063232,3000
2009-04-01,2.2300000190734863,2.2300000190734863,2.2300000190734863,2.2300000190734863,2.0521762371063232,0
2009-04-02,2.261667013168335,2.261667013168335,2.261667013168335,2.261667013168335,2.081317901611328,1200
2009-04-03,2.373332977294922,2.373332977294922,2.233333110809326,2.244999885559082,2.065980195999145,6600
2009-04-06,2.244999885559082,2.244999885559082,2.244999885559082,2.244999885559082,2.065980195999145,1800
2009-04-07,2.244999885559082,2.244999885559082,2.244999885559082,2.244999885559082,2.065980195999145,0
2009-04-08,2.126667022705078,2.148333072662353,2.049999952316284,2.049999952316284,1.8865294456481931,49800
2009-04-09,2.12833309173584,2.178333044052124,2.096667051315308,2.096667051315308,1.9294753074646,12000
2009-04-13,2.096667051315308,2.096667051315308,2.0833330154418945,2.0833330154418945,1.9172048568725584,3000
2009-04-14,2.0833330154418945,2.0833330154418945,2.0833330154418945,2.0833330154418945,1.9172048568725584,0
2009-04-15,2.115000009536743,2.115000009536743,2.115000009536743,2.115000009536743,1.9463462829589844,1800
2009-04-16,2.115000009536743,2.1166670322418213,2.0833330154418945,2.0833330154418945,1.9172048568725584,7200
2009-04-17,2.1583330631256104,2.166666984558105,2.150000095367432,2.150000095367432,1.978555679321289,11400
2009-04-20,2.1166670322418213,2.1166670322418213,2.113332986831665,2.113332986831665,1.9448124170303345,9000
2009-04-21,2.113332986831665,2.113332986831665,2.113332986831665,2.113332986831665,1.9448124170303345,9600
2009-04-22,2.1116669178009038,2.113332986831665,2.1116669178009038,2.113332986831665,1.9448124170303345,4200
2009-04-23,2.113332986831665,2.113332986831665,2.113332986831665,2.113332986831665,1.9448124170303345,0
2009-04-24,2.196666955947876,2.196666955947876,2.191667079925537,2.191667079925537,2.016899585723877,5400
2009-04-27,2.1566669940948486,2.2300000190734863,2.1566669940948486,2.178333044052124,2.004629373550415,8400
2009-04-28,2.2233328819274902,2.233333110809326,2.221667051315308,2.2300000190734863,2.0521762371063232,13200
2009-04-29,2.2416670322418213,2.2799999713897705,2.203332901000977,2.203332901000977,2.027635097503662,9000
2009-04-30,2.25,2.25,2.25,2.25,2.0705819129943848,7800
2009-05-01,2.275000095367432,2.275000095367432,2.25,2.25,2.0705819129943848,7200
2009-05-04,2.25,2.25,2.25,2.25,2.0705819129943848,30600
2009-05-05,2.2866671085357666,2.288332939147949,2.2866671085357666,2.288332939147949,2.1058578491210938,7200
2009-05-06,2.288332939147949,2.288332939147949,2.288332939147949,2.288332939147949,2.1058578491210938,0
2009-05-07,2.251667022705078,2.373332977294922,2.25,2.373332977294922,2.184078931808472,5400
2009-05-08,2.373332977294922,2.373332977294922,2.373332977294922,2.373332977294922,2.184078931808472,0
2009-05-12,2.373332977294922,2.373332977294922,2.25,2.25,2.0705819129943848,11400
2009-05-13,2.251667022705078,2.2783329486846924,2.2249999046325684,2.2249999046325684,2.0475752353668213,9600
2009-05-14,2.174999952316284,2.174999952316284,2.174999952316284,2.174999952316284,2.001561403274536,1200
2009-05-15,2.188333034515381,2.188333034515381,2.188333034515381,2.188333034515381,2.0138328075408936,3000
2009-05-19,2.233333110809326,2.233333110809326,2.233333110809326,2.233333110809326,2.055243730545044,600
2009-05-20,2.233333110809326,2.233333110809326,2.233333110809326,2.233333110809326,2.055243730545044,0
2009-05-21,2.1700000762939453,2.1700000762939453,2.1700000762939453,2.1700000762939453,1.9969608783721924,3000
2009-05-22,2.1700000762939453,2.1700000762939453,2.1700000762939453,2.1700000762939453,1.9969608783721924,0
2009-05-25,2.184999942779541,2.184999942779541,2.184999942779541,2.184999942779541,2.010765314102173,4800
2009-05-26,2.184999942779541,2.184999942779541,2.184999942779541,2.184999942779541,2.010765314102173,0
2009-05-27,2.248332977294922,2.25,2.248332977294922,2.25,2.0705819129943848,8400
2009-05-28,2.244999885559082,2.275000095367432,2.244999885559082,2.2583329677581787,2.0782504081726074,14400
2009-05-29,2.2583329677581787,2.2583329677581787,2.2583329677581787,2.2583329677581787,2.0782504081726074,0
2009-06-01,2.2799999713897705,2.3233330249786377,2.2799999713897705,2.3233330249786377,2.138066530227661,13200
2009-06-02,2.3233330249786377,2.3233330249786377,2.3233330249786377,2.3233330249786377,2.138066530227661,0
2009-06-03,2.299999952316284,2.299999952316284,2.298332929611206,2.298332929611206,2.1150596141815186,10200
2009-06-04,2.25,2.25,2.166666984558105,2.168333053588867,1.9954264163970947,25800
2009-06-05,2.1050000190734863,2.1050000190734863,2.1050000190734863,2.1050000190734863,1.9371436834335327,7800
2009-06-08,2.1616671085357666,2.24666690826416,2.1616671085357666,2.24666690826416,2.0675137042999268,7800
2009-06-09,2.201667070388794,2.201667070388794,2.200000047683716,2.201667070388794,2.026102066040039,14400
2009-06-10,2.25,2.25,2.2083330154418945,2.2083330154418945,2.032236099243164,9000
2009-06-11,2.2133328914642334,2.2133328914642334,2.211667060852051,2.211667060852051,2.03530502319336,4200
2009-06-12,2.211667060852051,2.211667060852051,2.211667060852051,2.211667060852051,2.03530502319336,0
2009-06-17,2.211667060852051,2.211667060852051,2.1766669750213623,2.1766669750213623,2.003095865249634,13200
2009-06-18,2.2316670417785645,2.233333110809326,2.2316670417785645,2.233333110809326,2.055243730545044,4200
2009-06-22,2.298332929611206,2.298332929611206,2.298332929611206,2.298332929611206,2.1150596141815186,600
2009-06-23,2.298332929611206,2.299999952316284,2.298332929611206,2.299999952316284,2.1165950298309326,2400
2009-06-24,2.299999952316284,2.299999952316284,2.299999952316284,2.299999952316284,2.1165950298309326,0
2009-06-25,2.2950000762939453,2.2950000762939453,2.2950000762939453,2.2950000762939453,2.1119918823242188,600
2009-06-26,2.37166690826416,2.37166690826416,2.37166690826416,2.37166690826416,2.182546138763428,1200
2009-06-29,2.37166690826416,2.37166690826416,2.37166690826416,2.37166690826416,2.182546138763428,0
2009-06-30,2.3066670894622803,2.3066670894622803,2.3066670894622803,2.3066670894622803,2.122729539871216,1800
2009-07-02,2.365000009536743,2.4483330249786377,2.3333330154418945,2.3333330154418945,2.147268533706665,19200
2009-07-03,2.3416669368743896,2.365000009536743,2.3416669368743896,2.365000009536743,2.1764111518859863,2400
2009-07-06,2.365000009536743,2.365000009536743,2.309999942779541,2.325000047683716,2.139600276947021,4200
2009-07-07,2.325000047683716,2.325000047683716,2.325000047683716,2.325000047683716,2.139600276947021,0
2009-07-10,2.2249999046325684,2.326667070388794,2.2249999046325684,2.326667070388794,2.1411352157592773,9000
2009-07-13,2.326667070388794,2.326667070388794,2.326667070388794,2.326667070388794,2.1411352157592773,0
2009-07-14,2.265000104904175,2.4216670989990234,2.265000104904175,2.4216670989990234,2.228560209274292,12000
2009-07-15,2.5,2.666666984558105,2.5,2.663332939147949,2.450955390930176,13200
2009-07-16,2.613332986831665,2.641666889190674,2.613332986831665,2.641666889190674,2.431016445159912,1800
2009-07-17,2.706666946411133,2.75,2.706666946411133,2.75,2.530710458755493,5400
2009-07-20,2.751667022705078,2.75333309173584,2.7249999046325684,2.7249999046325684,2.507704496383667,9000
2009-07-21,2.75,2.751667022705078,2.75,2.751667022705078,2.53767728805542,4800
2009-07-22,2.75,2.8333330154418945,2.75,2.8016669750213623,2.5837883949279785,24600
2009-07-23,2.8016669750213623,2.8016669750213623,2.8016669750213623,2.8016669750213623,2.5837883949279785,0
2009-07-24,2.668333053588867,2.799999952316284,2.668333053588867,2.766666889190674,2.5515103340148926,19800
2009-07-27,2.766666889190674,2.766666889190674,2.766666889190674,2.766666889190674,2.5515103340148926,0
2009-07-28,2.7583329677581787,2.913332939147949,2.7583329677581787,2.913332939147949,2.6867706775665283,8400
2009-07-29,2.771667003631592,2.771667003631592,2.771667003631592,2.771667003631592,2.556121587753296,600
2009-07-30,2.8333330154418945,2.8333330154418945,2.8333330154418945,2.8333330154418945,2.61299204826355,600
2009-07-31,2.7866671085357666,2.7866671085357666,2.7866671085357666,2.7866671085357666,2.569955348968506,4200
2009-08-04,2.9116671085357666,2.951667070388794,2.891666889190674,2.891666889190674,2.666789293289185,6000
2009-08-05,2.916666984558105,3.001667022705078,2.916666984558105,3.001667022705078,2.768234968185425,13800
2009-08-06,3.016666889190674,3.0283329486846924,2.918333053588867,3.0266671180725098,2.7912917137146,16800
2009-08-07,2.880000114440918,2.9733328819274902,2.880000114440918,2.9733328819274902,2.742104768753052,9000
2009-08-10,2.946666955947876,2.946666955947876,2.94333291053772,2.94333291053772,2.714437246322632,4200
2009-08-11,2.993333101272583,2.993333101272583,2.983333110809326,2.983333110809326,2.7513277530670166,5400
2009-08-12,2.941667079925537,2.941667079925537,2.924999952316284,2.924999952316284,2.697530508041382,7200
2009-08-13,2.924999952316284,2.924999952316284,2.891666889190674,2.891666889190674,2.666789293289185,3600
2009-08-14,2.8333330154418945,2.9749999046325684,2.8333330154418945,2.9749999046325684,2.7436416149139404,3000
2009-08-17,2.9649999141693115,2.9649999141693115,2.9649999141693115,2.9649999141693115,2.734418630599976,600
2009-08-18,2.8383328914642334,2.8383328914642334,2.8383328914642334,2.8383328914642334,2.6176023483276367,600
2009-08-19,3.039999961853028,3.081666946411133,3.039999961853028,3.065000057220459,2.8266429901123047,7800
2009-08-20,3.065000057220459,3.065000057220459,3.065000057220459,3.065000057220459,2.8266429901123047,0
2009-08-21,3.0333330631256104,3.0333330631256104,3.0333330631256104,3.0333330631256104,2.797437906265259,1800
2009-08-24,3.0,3.0,2.933332920074463,2.933332920074463,2.705213785171509,5400
2009-08-25,3.078332901000977,3.166666984558105,3.075000047683716,3.166666984558105,2.920403957366944,22200
2009-08-26,3.2416670322418213,3.2416670322418213,3.0850000381469727,3.0999999046325684,2.8589208126068115,3600
2009-08-27,3.164999961853028,3.186666965484619,3.164999961853028,3.186666965484619,2.9388489723205566,13200
2009-08-28,3.2049999237060547,3.368333101272583,3.2049999237060547,3.368333101272583,3.106386423110962,6600
2009-08-31,3.136667013168335,3.3299999237060547,3.12833309173584,3.12833309173584,2.885051012039185,16800
2009-09-01,3.168333053588867,3.2100000381469727,3.168333053588867,3.2100000381469727,2.965896844863892,9600
2009-09-02,3.331666946411133,3.331666946411133,3.184999942779541,3.184999942779541,2.942798376083374,5400
2009-09-03,3.0833330154418945,3.243333101272583,2.9083330631256104,3.243333101272583,2.996695041656494,10200
2009-09-04,3.243333101272583,3.243333101272583,3.243333101272583,3.243333101272583,2.996695041656494,6600
2009-09-08,3.3333330154418945,3.3333330154418945,3.331666946411133,3.331666946411133,3.078312397003174,5400
2009-09-09,3.331666946411133,3.331666946411133,3.331666946411133,3.331666946411133,3.078312397003174,0
2009-09-10,3.308332920074463,3.3666670322418213,3.291666984558105,3.3666670322418213,3.1106507778167725,19800
2009-09-11,3.3666670322418213,3.3666670322418213,3.319999933242798,3.319999933242798,3.0675320625305176,6000
2009-09-14,3.2683329582214355,3.2683329582214355,3.173332929611206,3.173332929611206,2.932018518447876,3600
2009-09-15,3.1716670989990234,3.1716670989990234,3.166666984558105,3.166666984558105,2.9258596897125244,12000
2009-09-16,3.240000009536743,3.240000009536743,3.1700000762939453,3.200000047683716,2.9566571712493896,4200
2009-09-17,3.174999952316284,3.174999952316284,3.174999952316284,3.174999952316284,2.933558940887451,600
2009-09-18,3.174999952316284,3.174999952316284,3.174999952316284,3.174999952316284,2.933558940887451,0
2009-09-21,3.0516669750213623,3.2149999141693115,3.0516669750213623,3.1716670989990234,2.930478572845459,5400
2009-09-22,3.200000047683716,3.200000047683716,3.1716670989990234,3.183332920074463,2.941258192062378,3600
2009-09-23,3.1716670989990234,3.1716670989990234,3.1700000762939453,3.1700000762939453,2.928938627243042,1800
2009-09-24,3.1700000762939453,3.1700000762939453,3.1166670322418213,3.1566669940948486,2.916619300842285,3000
2009-09-25,3.1566669940948486,3.1566669940948486,3.1566669940948486,3.1566669940948486,2.916619300842285,0
2009-09-28,3.166666984558105,3.166666984558105,3.166666984558105,3.166666984558105,2.9258596897125244,6600
2009-09-29,3.081666946411133,3.180000066757202,3.081666946411133,3.180000066757202,2.938178539276123,19800
2009-09-30,3.125,3.125,3.125,3.125,2.8873603343963623,2400
2009-10-01,3.0,3.0516669750213623,2.9633328914642334,3.0516669750213623,2.8196053504943848,4800
2009-10-02,2.9633328914642334,3.126667022705078,2.9633328914642334,3.126667022705078,2.888901710510254,10800
2009-10-05,3.163332939147949,3.166666984558105,3.163332939147949,3.166666984558105,2.9258596897125244,108600
2009-10-06,2.923332929611206,3.1566669940948486,2.923332929611206,3.093333005905152,2.858102321624756,5400
2009-10-07,3.125,3.125,3.125,3.125,2.8873603343963623,1200
2009-10-08,3.141666889190674,3.183332920074463,3.141666889190674,3.1449999809265137,2.9058399200439453,12000
2009-10-09,3.2316670417785645,3.2316670417785645,3.2316670417785645,3.2316670417785645,2.985916376113892,600
2009-10-13,3.1716670989990234,3.1716670989990234,3.1716670989990234,3.1716670989990234,2.930478572845459,1200
2009-10-14,3.220000028610229,3.220000028610229,3.125,3.12833309173584,2.8904407024383545,9000
2009-10-15,3.12833309173584,3.12833309173584,3.12833309173584,3.12833309173584,2.8904407024383545,0
2009-10-19,3.166666984558105,3.166666984558105,3.166666984558105,3.166666984558105,2.9258596897125244,1200
2009-10-20,3.001667022705078,3.001667022705078,3.001667022705078,3.001667022705078,2.773406505584717,9000
2009-10-21,3.001667022705078,3.001667022705078,3.001667022705078,3.001667022705078,2.773406505584717,0
2009-10-22,3.081666946411133,3.201667070388794,3.081666946411133,3.1716670989990234,2.930478572845459,7800
2009-10-23,3.1716670989990234,3.1716670989990234,3.1716670989990234,3.1716670989990234,2.930478572845459,0
2009-10-26,3.134999990463257,3.134999990463257,3.134999990463257,3.134999990463257,2.8966007232666016,1800
2009-10-27,3.0850000381469727,3.0850000381469727,3.0083329677581787,3.081666946411133,2.847322940826416,12600
2009-10-28,3.081666946411133,3.081666946411133,3.081666946411133,3.081666946411133,2.847322940826416,0
2009-10-29,3.164999961853028,3.164999961853028,3.136667013168335,3.136667013168335,2.8981406688690186,2400
2009-10-30,3.1333329677581787,3.238332986831665,3.1166670322418213,3.1166670322418213,2.8796615600585938,43800
2009-11-02,3.118333101272583,3.118333101272583,3.118333101272583,3.118333101272583,2.8812010288238525,1800
2009-11-03,3.118333101272583,3.118333101272583,3.118333101272583,3.118333101272583,2.8812010288238525,0
2009-11-04,3.248332977294922,3.3333330154418945,3.248332977294922,3.309999942779541,3.0582926273345947,42600
2009-11-05,3.315000057220459,3.316667079925537,3.315000057220459,3.316667079925537,3.064452886581421,3000
2009-11-06,3.3333330154418945,3.3499999046325684,3.3333330154418945,3.3499999046325684,3.0952513217926025,12000
2009-11-09,3.2583329677581787,3.4049999713897705,3.2583329677581787,3.3333330154418945,3.0798513889312744,52800
2009-11-10,3.3333330154418945,3.3566670417785645,3.3333330154418945,3.3566670417785645,3.1014113426208496,7200
2009-11-11,3.3499999046325684,3.3499999046325684,3.3333330154418945,3.3333330154418945,3.0798513889312744,2400
2009-11-12,3.376667022705078,3.376667022705078,3.25,3.25,3.002855062484741,23400
2009-11-13,3.2316670417785645,3.2316670417785645,3.2316670417785645,3.2316670417785645,2.985916376113892,3000
2009-11-16,3.201667070388794,3.218333005905152,3.196666955947876,3.218333005905152,2.973596572875977,7200
2009-11-17,3.1716670989990234,3.1716670989990234,3.1716670989990234,3.1716670989990234,2.930478572845459,5400
2009-11-18,3.2416670322418213,3.493333101272583,3.211667060852051,3.234999895095825,2.9889960289001465,45000
2009-11-19,3.498332977294922,3.498332977294922,3.2416670322418213,3.248332977294922,3.0013155937194824,4800
2009-11-20,3.331666946411133,3.331666946411133,3.2699999809265137,3.331666946411133,3.078312397003174,28800
2009-11-23,3.343333005905152,3.49666690826416,3.343333005905152,3.49666690826416,3.230764389038086,15000
2009-11-24,3.3333330154418945,3.5333330631256104,3.325000047683716,3.5333330631256104,3.2646427154541016,51000
2009-11-25,3.4600000381469727,3.541666984558105,3.4583330154418945,3.541666984558105,3.2723424434661865,10200
2009-11-26,3.541666984558105,3.541666984558105,3.541666984558105,3.541666984558105,3.2723424434661865,0
2009-11-27,3.539999961853028,3.5983328819274902,3.5183329582214355,3.5983328819274902,3.324699878692627,12600
2009-11-30,3.615000009536743,3.691667079925537,3.615000009536743,3.691667079925537,3.410936117172241,50400
2009-12-01,3.691667079925537,3.691667079925537,3.6333329677581783,3.6333329677581783,3.3623499870300293,6000
2009-12-02,3.608333110809326,3.608333110809326,3.608333110809326,3.608333110809326,3.3392152786254883,1800
2009-12-03,3.543333053588867,3.5916669368743896,3.543333053588867,3.5883328914642334,3.320706605911255,4200
2009-12-04,3.6383330821990967,3.6383330821990967,3.6383330821990967,3.6383330821990967,3.36697769165039,1200
2009-12-07,3.6383330821990967,3.6383330821990967,3.618333101272583,3.618333101272583,3.3484692573547363,7200
2009-12-08,3.5999999046325684,3.5999999046325684,3.5999999046325684,3.5999999046325684,3.331503868103028,1800
2009-12-09,3.5999999046325684,3.641666889190674,3.5999999046325684,3.641666889190674,3.370063304901123,9600
2009-12-10,3.641666889190674,3.641666889190674,3.616667032241821,3.6333329677581783,3.3623499870300293,6600
2009-12-11,3.541666984558105,3.541666984558105,3.541666984558105,3.541666984558105,3.277522087097168,2400
2009-12-14,3.541666984558105,3.541666984558105,3.541666984558105,3.541666984558105,3.277522087097168,0
2009-12-15,3.566667079925537,3.566667079925537,3.541666984558105,3.541666984558105,3.277522087097168,5400
2009-12-16,3.5283329486846924,3.5916669368743896,3.5266671180725098,3.5266671180725098,3.2636406421661377,10200
2009-12-17,3.6666669845581055,3.6666669845581055,3.6666669845581055,3.6666669845581055,3.393198251724243,600
2009-12-18,3.6666669845581055,3.6666669845581055,3.6666669845581055,3.6666669845581055,3.393198251724243,0
2009-12-21,3.444999933242798,3.483333110809326,3.444999933242798,3.446666955947876,3.1896069049835205,5400
2009-12-22,3.446666955947876,3.446666955947876,3.418333053588867,3.418333053588867,3.163386106491089,3000
2009-12-23,3.4583330154418945,3.4583330154418945,3.375,3.375,3.12328577041626,9600
2009-12-24,3.3499999046325684,3.3499999046325684,3.3499999046325684,3.3499999046325684,3.100149393081665,1200
2009-12-29,3.516666889190674,3.516666889190674,3.400000095367432,3.400000095367432,3.146420478820801,7800
2009-12-30,3.434999942779541,3.434999942779541,3.3833329677581787,3.3833329677581787,3.1309962272644043,4200
2009-12-31,3.336667060852051,3.509999990463257,3.336667060852051,3.4666669368743896,3.208115339279175,5400
2010-01-04,3.336667060852051,3.450000047683716,3.336667060852051,3.4016671180725098,3.1479623317718506,22800
2010-01-05,3.4016671180725098,3.4016671180725098,3.4016671180725098,3.4016671180725098,3.1479623317718506,0
2010-01-06,3.3666670322418213,3.3666670322418213,3.243333101272583,3.3350000381469727,3.086268186569214,106200
2010-01-07,3.346667051315308,3.390000104904175,3.343333005905152,3.390000104904175,3.1371660232543945,17400
2010-01-08,3.3350000381469727,3.3499999046325684,3.3350000381469727,3.3483328819274902,3.0986061096191406,3600
2010-01-11,3.308332920074463,3.375,3.308332920074463,3.375,3.12328577041626,9600
2010-01-12,3.3883330821990967,3.505000114440918,3.3883330821990967,3.5,3.238962411880493,19800
2010-01-13,3.4916670322418213,3.4916670322418213,3.4916670322418213,3.4916670322418213,3.231250047683716,600
2010-01-14,3.4916670322418213,3.4916670322418213,3.4916670322418213,3.4916670322418213,3.231250047683716,0
2010-01-18,3.5,3.5,3.424999952316284,3.424999952316284,3.1695556640625,8400
2010-01-19,3.424999952316284,3.424999952316284,3.424999952316284,3.424999952316284,3.1695556640625,0
2010-01-20,3.37166690826416,3.37166690826416,3.3416669368743896,3.3416669368743896,3.092437267303467,6600
2010-01-21,3.251667022705078,3.251667022705078,3.251667022705078,3.251667022705078,3.0091497898101807,1200
2010-01-22,3.251667022705078,3.251667022705078,3.251667022705078,3.251667022705078,3.0091497898101807,600
2010-01-25,3.251667022705078,3.251667022705078,3.251667022705078,3.251667022705078,3.0091497898101807,0
2010-01-26,3.3333330154418945,3.386667013168335,3.3333330154418945,3.386667013168335,3.1340816020965576,25800
2010-01-27,3.386667013168335,3.386667013168335,3.386667013168335,3.386667013168335,3.1340816020965576,0
2010-01-28,3.446666955947876,3.446666955947876,3.438333034515381,3.438333034515381,3.1818947792053223,15000
2010-01-29,3.3333330154418945,3.3333330154418945,3.3333330154418945,3.3333330154418945,3.084725379943848,6000
2010-02-01,3.4316670894622803,3.4316670894622803,3.376667022705078,3.4116671085357666,3.157217264175415,9600
2010-02-02,3.4116671085357666,3.4116671085357666,3.4016671180725098,3.4016671180725098,3.1479623317718506,3600
2010-02-03,3.400000095367432,3.44333291053772,3.400000095367432,3.44333291053772,3.186521053314209,5400
2010-02-04,3.44333291053772,3.44333291053772,3.44333291053772,3.44333291053772,3.186521053314209,0
2010-02-05,3.375,3.4083330631256104,3.373332977294922,3.4083330631256104,3.15413236618042,6000
2010-02-08,3.4083330631256104,3.4083330631256104,3.4083330631256104,3.4083330631256104,3.15413236618042,0
2010-02-09,3.1716670989990234,3.1716670989990234,3.1716670989990234,3.1716670989990234,2.9351160526275635,9600
2010-02-10,3.168333053588867,3.168333053588867,3.168333053588867,3.168333053588867,2.932032346725464,3000
2010-02-11,3.168333053588867,3.168333053588867,3.168333053588867,3.168333053588867,2.932032346725464,0
2010-02-18,3.168333053588867,3.3066670894622803,3.168333053588867,3.3066670894622803,3.0600478649139404,9600
2010-02-19,3.331666946411133,3.3333330154418945,3.174999952316284,3.316667079925537,3.069303035736084,7200
2010-02-22,3.316667079925537,3.316667079925537,3.316667079925537,3.316667079925537,3.069303035736084,0
2010-02-23,3.315000057220459,3.315000057220459,3.315000057220459,3.315000057220459,3.0677599906921387,3600
2010-02-24,3.3299999237060547,3.3299999237060547,3.3299999237060547,3.3299999237060547,3.0816409587860107,3000
2010-02-25,3.3299999237060547,3.3299999237060547,3.3299999237060547,3.3299999237060547,3.0816409587860107,0
2010-02-26,3.25,3.25,3.25,3.25,3.0076074600219727,1200
2010-03-01,3.174999952316284,3.174999952316284,3.174999952316284,3.174999952316284,2.9382011890411377,600
2010-03-02,3.174999952316284,3.174999952316284,3.174999952316284,3.174999952316284,2.9382011890411377,0
2010-03-05,3.1766669750213623,3.1766669750213623,3.1766669750213623,3.1766669750213623,2.9397449493408203,3000
2010-03-08,3.1766669750213623,3.1766669750213623,3.1766669750213623,3.1766669750213623,2.9397449493408203,0
2010-03-09,3.1716670989990234,3.173332929611206,3.141666889190674,3.1716670989990234,2.9351160526275635,22800
2010-03-10,3.108333110809326,3.131666898727417,3.108333110809326,3.131666898727417,2.898099422454834,11400
2010-03-11,3.00333309173584,3.0833330154418945,2.9749999046325684,3.0833330154418945,2.8533711433410645,12000
2010-03-12,3.0083329677581787,3.081666946411133,3.0,3.0083329677581787,2.783964872360229,4200
2010-03-15,3.0083329677581787,3.0083329677581787,3.0083329677581787,3.0083329677581787,2.783964872360229,0
2010-03-16,3.001667022705078,3.063333034515381,3.0,3.063333034515381,2.8411593437194824,17400
2010-03-17,3.0983328819274902,3.140000104904175,3.0983328819274902,3.0999999046325684,2.875166177749634,18000
2010-03-18,3.0999999046325684,3.0999999046325684,3.0999999046325684,3.0999999046325684,2.875166177749634,0
2010-03-23,3.0999999046325684,3.0999999046325684,2.918333053588867,2.946666955947876,2.732954740524292,4200
2010-03-24,3.063333034515381,3.063333034515381,3.063333034515381,3.063333034515381,2.8411593437194824,1800
2010-03-25,3.001667022705078,3.071666955947876,3.001667022705078,3.071666955947876,2.848889112472534,1800
2010-03-26,3.071666955947876,3.071666955947876,3.071666955947876,3.071666955947876,2.848889112472534,0
2010-03-29,3.0983328819274902,3.0983328819274902,3.0983328819274902,3.0983328819274902,2.8736205101013184,2400
2010-03-30,3.075000047683716,3.125,3.075000047683716,3.125,2.898353338241577,18600
2010-03-31,3.125,3.125,3.125,3.125,2.898353338241577,0
2010-04-05,2.9100000858306885,2.916666984558105,2.9100000858306885,2.916666984558105,2.7051289081573486,1800
2010-04-06,2.916666984558105,2.916666984558105,2.916666984558105,2.916666984558105,2.7051289081573486,0
2010-04-07,3.0083329677581787,3.0083329677581787,3.0083329677581787,3.0083329677581787,2.790147304534912,6000
2010-04-08,3.0083329677581787,3.0083329677581787,3.0083329677581787,3.0083329677581787,2.790147304534912,0
2010-04-09,2.930000066757202,3.125,2.930000066757202,3.125,2.898353338241577,18000
2010-04-12,3.299999952316284,3.3333330154418945,3.2950000762939453,3.331666946411133,3.090031385421753,25800
2010-04-13,3.266666889190674,3.266666889190674,3.166666984558105,3.1716670989990234,2.941636323928833,9600
2010-04-14,3.1700000762939453,3.1700000762939453,3.1700000762939453,3.1700000762939453,2.9400899410247803,600
2010-04-15,3.1716670989990234,3.1716670989990234,3.164999961853028,3.164999961853028,2.935452938079834,1800
2010-04-16,3.4266669750213623,3.4266669750213623,3.180000066757202,3.180000066757202,2.9493651390075684,1200
2010-04-19,3.180000066757202,3.180000066757202,3.180000066757202,3.180000066757202,2.9493651390075684,0
2010-04-20,3.0566670894622803,3.113332986831665,3.048332929611206,3.048332929611206,2.82724666595459,6000
2010-04-21,3.066667079925537,3.066667079925537,3.0,3.0,2.782419443130493,6000
2010-04-22,3.0350000858306885,3.0850000381469727,3.0350000858306885,3.0850000381469727,2.861254930496216,6000
2010-04-23,3.0833330154418945,3.0833330154418945,3.0833330154418945,3.0833330154418945,2.859708070755005,2400
2010-04-26,3.0833330154418945,3.0999999046325684,3.0833330154418945,3.0983328819274902,2.8736205101013184,9600
2010-04-27,3.141666889190674,3.141666889190674,3.0916669368743896,3.115000009536743,2.8890786170959477,4200
2010-04-28,3.1333329677581787,3.259999990463257,3.1116669178009038,3.1116669178009038,2.8859872817993164,25800
2010-04-29,3.103332996368408,3.234999895095825,3.103332996368408,3.1700000762939453,2.9400899410247803,45000
2010-04-30,3.174999952316284,3.174999952316284,3.1700000762939453,3.1700000762939453,2.9400899410247803,4200
2010-05-03,3.203332901000977,3.2166669368743896,3.201667070388794,3.2166669368743896,2.983372688293457,6000
2010-05-04,3.2166669368743896,3.2166669368743896,3.1716670989990234,3.1716670989990234,2.941636323928833,6000
2010-05-05,3.168333053588867,3.168333053588867,3.168333053588867,3.168333053588867,2.9385428428649902,1800
2010-05-06,3.168333053588867,3.168333053588867,3.168333053588867,3.168333053588867,2.9385428428649902,0
2010-05-07,3.103332996368408,3.103332996368408,3.0083329677581787,3.0083329677581787,2.790147304534912,3600
2010-05-10,3.0083329677581787,3.12833309173584,3.0083329677581787,3.126667022705078,2.89989972114563,6600
2010-05-11,3.126667022705078,3.126667022705078,3.126667022705078,3.126667022705078,2.89989972114563,0
2010-05-12,3.0999999046325684,3.0999999046325684,3.0999999046325684,3.0999999046325684,2.875166177749634,600
2010-05-14,3.0999999046325684,3.0999999046325684,3.0,3.0999999046325684,2.875166177749634,4200
2010-05-17,3.0999999046325684,3.0999999046325684,3.0999999046325684,3.0999999046325684,2.875166177749634,10200
2010-05-18,3.2833330631256104,3.316667079925537,3.1716670989990234,3.25,3.014287233352661,12600
2010-05-19,3.25,3.25,3.25,3.25,3.014287233352661,0
2010-05-20,3.1716670989990234,3.1716670989990234,3.016666889190674,3.016666889190674,2.7978768348693848,3600
2010-05-21,3.016666889190674,3.016666889190674,3.016666889190674,3.016666889190674,2.7978768348693848,0
2010-05-26,2.978332996368408,3.1583330631256104,2.978332996368408,3.1583330631256104,2.9292683601379395,7800
2010-05-27,3.1583330631256104,3.1583330631256104,3.1583330631256104,3.1583330631256104,2.9292683601379395,0
2010-05-28,3.233333110809326,3.233333110809326,3.123332977294922,3.125,2.898353338241577,11400
2010-05-31,3.1716670989990234,3.25,3.125,3.125,2.898353338241577,18600
2010-06-02,3.2816669940948486,3.2833330631256104,3.2816669940948486,3.2833330631256104,3.045203447341919,15600
2010-06-03,3.2816669940948486,3.2816669940948486,3.2416670322418213,3.2416670322418213,3.0065581798553467,3600
2010-06-04,3.233333110809326,3.233333110809326,3.233333110809326,3.233333110809326,2.9988293647766118,1200
2010-06-07,3.303333044052124,3.303333044052124,3.303333044052124,3.303333044052124,3.063751697540283,600
2010-06-08,3.303333044052124,3.303333044052124,3.303333044052124,3.303333044052124,3.063751697540283,0
2010-06-10,3.173332929611206,3.173332929611206,3.173332929611206,3.173332929611206,2.943180561065674,1200
2010-06-11,3.168333053588867,3.1716670989990234,3.150000095367432,3.150000095367432,2.921539545059204,12600
2010-06-14,3.150000095367432,3.150000095367432,3.150000095367432,3.150000095367432,2.921539545059204,0
2010-06-16,3.001667022705078,3.001667022705078,3.001667022705078,3.001667022705078,2.783965349197388,600
2010-06-17,3.1549999713897705,3.1549999713897705,3.1549999713897705,3.1549999713897705,2.926177978515625,3000
2010-06-18,3.1549999713897705,3.1549999713897705,3.1549999713897705,3.1549999713897705,2.926177978515625,0
2010-06-24,2.990000009536743,2.990000009536743,2.990000009536743,2.990000009536743,2.773145198822021,1800
2010-06-25,3.0,3.0833330154418945,3.0,3.0833330154418945,2.859708070755005,9600
2010-06-28,3.0833330154418945,3.0833330154418945,3.0833330154418945,3.0833330154418945,2.859708070755005,0
2010-06-29,3.0183329582214355,3.0183329582214355,3.0183329582214355,3.0183329582214355,2.7994227409362797,1800
2010-06-30,3.0183329582214355,3.0183329582214355,3.0183329582214355,3.0183329582214355,2.7994227409362797,3000
2010-07-02,3.016666889190674,3.0183329582214355,3.016666889190674,3.0183329582214355,2.7994227409362797,1200
2010-07-05,3.0183329582214355,3.0183329582214355,3.0183329582214355,3.0183329582214355,2.7994227409362797,0
2010-07-06,3.130000114440918,3.130000114440918,3.130000114440918,3.130000114440918,2.9029905796051025,2400
2010-07-07,3.130000114440918,3.150000095367432,3.011667013168335,3.150000095367432,2.921539545059204,3000
2010-07-09,3.1766669750213623,3.2083330154418945,3.1766669750213623,3.2083330154418945,2.9756431579589844,21000
2010-07-12,3.2083330154418945,3.2083330154418945,3.2083330154418945,3.2083330154418945,2.9756431579589844,0
2010-07-13,3.4916670322418213,3.4916670322418213,3.424999952316284,3.424999952316284,3.1765947341918945,7200
2010-07-14,3.4733328819274902,3.4733328819274902,3.3333330154418945,3.3333330154418945,3.09157657623291,8400
2010-07-15,3.3333330154418945,3.3333330154418945,3.3333330154418945,3.3333330154418945,3.09157657623291,0
2010-07-16,3.299999952316284,3.299999952316284,3.2966670989990234,3.2966670989990234,3.05756950378418,3600
2010-07-19,3.3333330154418945,3.3333330154418945,3.3333330154418945,3.3333330154418945,3.09157657623291,12000
2010-07-20,3.3566670417785645,3.4083330631256104,3.2799999713897705,3.4083330631256104,3.1674726009368896,7800
2010-07-21,3.416666984558105,3.5,3.416666984558105,3.498332977294922,3.2511115074157715,12000
2010-07-22,3.4766669273376465,3.5833330154418945,3.4766669273376465,3.5833330154418945,3.33010482788086,13800
2010-07-23,3.4649999141693115,3.700000047683716,3.4649999141693115,3.700000047683716,3.438527584075928,25200
2010-07-26,3.62166690826416,3.704999923706055,3.62166690826416,3.704999923706055,3.4431748390197754,2400
2010-07-27,3.5833330154418945,3.5833330154418945,3.5833330154418945,3.5833330154418945,3.33010482788086,3600
2010-07-28,3.595000028610229,3.714999914169312,3.595000028610229,3.714999914169312,3.45246696472168,36000
2010-07-29,3.553333044052124,3.6483330726623535,3.5333330631256104,3.5333330631256104,3.2836382389068604,25200
2010-07-30,3.606667041778565,3.606667041778565,3.606667041778565,3.606667041778565,3.351790428161621,4200
2010-08-03,3.5999999046325684,3.5999999046325684,3.5333330631256104,3.5333330631256104,3.2836382389068604,10800
2010-08-04,3.516666889190674,3.5199999809265137,3.501667022705078,3.501667022705078,3.2542099952697754,10800
2010-08-05,3.5,3.525000095367432,3.5,3.525000095367432,3.2758939266204834,36600
2010-08-06,3.525000095367432,3.525000095367432,3.525000095367432,3.525000095367432,3.2758939266204834,0
2010-08-09,3.5833330154418945,3.5833330154418945,3.5833330154418945,3.5833330154418945,3.33010482788086,1800
2010-08-10,3.5833330154418945,3.5833330154418945,3.5833330154418945,3.5833330154418945,3.33010482788086,0
2010-08-12,3.578332901000977,3.578332901000977,3.578332901000977,3.578332901000977,3.3254587650299072,3600
2010-08-13,3.3383328914642334,3.575000047683716,3.3383328914642334,3.575000047683716,3.3223605155944824,4200
2010-08-16,3.549999952316284,3.549999952316284,3.509999990463257,3.509999990463257,3.261954069137573,1800
2010-08-17,3.4666669368743896,3.5833330154418945,3.4666669368743896,3.5833330154418945,3.33010482788086,3000
2010-08-24,3.623332977294922,3.868333101272583,3.623332977294922,3.7583329677581783,3.492738008499145,32400
2010-08-25,3.829999923706055,3.9149999618530273,3.768332958221436,3.9149999618530273,3.6383330821990967,18000
2010-08-26,3.686666965484619,3.75333309173584,3.5316669940948486,3.7366669178009033,3.4726033210754395,33600
2010-08-27,3.751667022705078,3.900000095367432,3.751667022705078,3.900000095367432,3.6243934631347656,7800
2010-08-30,3.7899999618530273,3.8333330154418954,3.7899999618530273,3.7916669845581055,3.52371597290039,5400
2010-08-31,3.756666898727417,3.756666898727417,3.756666898727417,3.756666898727417,3.4973385334014893,600
2010-09-01,3.9149999618530273,4.043333053588867,3.9149999618530273,3.991667032241821,3.716116189956665,7800
2010-09-02,3.896667003631592,3.896667003631592,3.896667003631592,3.896667003631592,3.627674818038941,1200
2010-09-03,3.990000009536743,3.991667032241821,3.9016671180725098,3.9016671180725098,3.632328987121582,5400
2010-09-07,3.9016671180725098,3.950000047683716,3.9016671180725098,3.950000047683716,3.677325487136841,9000
2010-09-08,3.8883330821990967,3.9583330154418954,3.884999990463257,3.884999990463257,3.616812705993652,7800
2010-09-09,3.8833329677581783,3.8833329677581783,3.7833330631256095,3.8333330154418954,3.5687127113342285,24000
2010-09-10,3.8333330154418954,3.8333330154418954,3.8333330154418954,3.8333330154418954,3.5687127113342285,0
2010-09-13,3.7766671180725098,3.813333034515381,3.7766671180725098,3.813333034515381,3.550093650817871,9600
2010-09-14,3.755000114440918,3.843333005905152,3.755000114440918,3.843333005905152,3.57802152633667,3600
2010-09-15,3.668333053588867,3.688333034515381,3.6666669845581055,3.688333034515381,3.4337220191955566,13800
2010-09-16,3.7916669845581055,3.8333330154418954,3.7916669845581055,3.8333330154418954,3.5687127113342285,7200
2010-09-20,3.831666946411133,3.9149999618530273,3.831666946411133,3.9149999618530273,3.6447417736053462,3600
2010-09-21,3.9149999618530273,3.9149999618530273,3.9149999618530273,3.9149999618530273,3.6447417736053462,0
2010-09-22,3.936666965484619,3.936666965484619,3.936666965484619,3.936666965484619,3.6649131774902335,6000
2010-09-23,3.936666965484619,3.936666965484619,3.936666965484619,3.936666965484619,3.6649131774902335,0
2010-09-24,3.868333101272583,3.964999914169312,3.868333101272583,3.9583330154418954,3.6850836277008057,17400
2010-09-27,3.9583330154418954,3.9583330154418954,3.836667060852051,3.836667060852051,3.5718164443969727,13800
2010-09-28,3.8333330154418954,3.8333330154418954,3.734999895095825,3.75,3.4911320209503174,11400
2010-09-29,3.75,3.75,3.75,3.75,3.4911320209503174,0
2010-10-05,3.941667079925537,3.941667079925537,3.941667079925537,3.941667079925537,3.6695690155029297,1200
2010-10-06,3.933332920074463,3.933332920074463,3.933332920074463,3.933332920074463,3.66180944442749,600
2010-10-07,3.858333110809326,3.941667079925537,3.858333110809326,3.941667079925537,3.6695690155029297,12000
2010-10-08,3.918333053588867,3.9583330154418954,3.918333053588867,3.9583330154418954,3.6850836277008057,4800
2010-10-12,3.964999914169312,3.964999914169312,3.964999914169312,3.964999914169312,3.6912903785705566,1200
2010-10-13,3.9016671180725098,3.9016671180725098,3.900000095367432,3.900000095367432,3.63077712059021,21000
2010-10-14,3.8333330154418954,3.853332996368408,3.798332929611206,3.8333330154418954,3.5687127113342285,16200
2010-10-19,3.8333330154418954,3.8333330154418954,3.7916669845581055,3.7916669845581055,3.5299227237701416,4800
2010-10-20,3.8333330154418954,3.8333330154418954,3.821666955947876,3.821666955947876,3.557851076126098,12000
2010-10-21,3.99666690826416,3.99666690826416,3.918333053588867,3.950000047683716,3.677325487136841,7800
2010-10-22,3.950000047683716,3.950000047683716,3.950000047683716,3.950000047683716,3.677325487136841,0
2010-10-25,3.9483330249786377,3.9483330249786377,3.9483330249786377,3.9483330249786377,3.6757733821868896,1200
2010-10-26,3.99666690826416,3.998332977294922,3.991667032241821,3.991667032241821,3.716116189956665,15000
2010-10-27,3.990000009536743,4.1066670417785645,3.990000009536743,4.033332824707031,3.754904747009277,30600
2010-10-28,4.033332824707031,4.033332824707031,4.033332824707031,4.033332824707031,3.754904747009277,0
2010-10-29,4.0416669845581055,4.0416669845581055,4.0416669845581055,4.0416669845581055,3.762665271759033,600
2010-11-01,4.125,4.125,4.125,4.125,3.840245962142944,1800
2010-11-02,4.09833288192749,4.09833288192749,4.09833288192749,4.09833288192749,3.815417766571045,3000
2010-11-03,4.059999942779541,4.065000057220459,4.059999942779541,4.065000057220459,3.7843871116638175,10200
2010-11-04,4.050000190734863,4.091667175292969,4.0,4.091667175292969,3.809213161468506,7200
2010-11-05,3.9766669273376474,4.114999771118164,3.9583330154418954,3.9583330154418954,3.6850836277008057,9600
2010-11-08,4.050000190734863,4.054999828338623,3.924999952316284,4.054999828338623,3.775077342987061,14400
2010-11-09,3.998332977294922,3.998332977294922,3.99666690826416,3.99666690826416,3.720771074295044,8400
2010-11-10,3.984999895095825,3.984999895095825,3.983333110809326,3.983333110809326,3.7083582878112793,6600
2010-11-11,3.983333110809326,3.983333110809326,3.983333110809326,3.983333110809326,3.7083582878112793,0
2010-11-15,4.046667098999023,4.139999866485596,4.046667098999023,4.139999866485596,3.854209899902344,4800
2010-11-16,4.101666927337647,4.101666927337647,4.099999904632568,4.099999904632568,3.816970586776733,1200
2010-11-17,4.110000133514404,4.110000133514404,4.110000133514404,4.110000133514404,3.826279640197754,2400
2010-11-18,4.163332939147949,4.215000152587891,4.163332939147949,4.215000152587891,3.92403244972229,4800
2010-11-19,4.125,4.130000114440918,4.125,4.130000114440918,3.844900369644165,1800
2010-11-22,4.188333034515381,4.199999809265137,4.188333034515381,4.199999809265137,3.910068035125733,2400
2010-11-23,4.183332920074463,4.208333015441895,4.183332920074463,4.208333015441895,3.917825698852539,1200
2010-11-24,4.411666870117188,4.413332939147949,4.351666927337647,4.413332939147949,4.108673095703125,12000
2010-11-25,4.4166669845581055,4.4166669845581055,4.376667022705078,4.376667022705078,4.07453727722168,6600
2010-11-26,4.376667022705078,4.376667022705078,4.376667022705078,4.376667022705078,4.07453727722168,0
2010-11-29,4.4166669845581055,4.4166669845581055,4.400000095367432,4.400000095367432,4.096261978149414,1800
2010-11-30,4.335000038146973,4.335000038146973,4.315000057220459,4.315000057220459,4.024752616882324,9000
2010-12-01,4.315000057220459,4.315000057220459,4.315000057220459,4.315000057220459,4.024752616882324,0
2010-12-02,4.293333053588867,4.293333053588867,4.293333053588867,4.293333053588867,4.004540920257568,1800
2010-12-03,4.308332920074463,4.329999923706055,4.25,4.329999923706055,4.038744926452637,7800
2010-12-06,4.428332805633545,4.428332805633545,4.306666851043701,4.306666851043701,4.0169782638549805,6600
2010-12-07,4.3383331298828125,4.355000019073486,4.313333034515381,4.313333034515381,4.023198127746582,5400
2010-12-08,4.47333288192749,4.47333288192749,4.271667003631592,4.271667003631592,3.984333515167236,13800
2010-12-09,4.366666793823242,4.366666793823242,4.233333110809326,4.241666793823242,3.9563510417938232,4200
2010-12-10,4.233333110809326,4.233333110809326,4.233333110809326,4.233333110809326,3.948578596115112,1800
2010-12-13,4.308332920074463,4.349999904632568,4.306666851043701,4.349999904632568,4.057397842407227,3600
2010-12-14,4.184999942779541,4.184999942779541,4.184999942779541,4.184999942779541,3.903497219085693,600
2010-12-15,4.311666965484619,4.333333015441895,4.311666965484619,4.333333015441895,4.041851043701172,4800
2010-12-16,4.331666946411133,4.331666946411133,4.331666946411133,4.331666946411133,4.040299415588379,6000
2010-12-17,4.4166669845581055,4.4166669845581055,4.4166669845581055,4.4166669845581055,4.11958122253418,3000
2010-12-20,4.3566670417785645,4.37833309173584,4.3566670417785645,4.37833309173584,4.083825588226318,7200
2010-12-21,4.486667156219482,4.486667156219482,4.486667156219482,4.486667156219482,4.184871673583984,2400
2010-12-22,4.533332824707031,4.533332824707031,4.533332824707031,4.533332824707031,4.228397369384766,600
2010-12-24,4.3383331298828125,4.3383331298828125,4.3383331298828125,4.3383331298828125,4.046514511108398,3000
2010-12-29,4.343332767486572,4.5,4.343332767486572,4.5,4.197305202484131,1800
2010-12-30,4.548333168029785,4.550000190734863,4.548333168029785,4.550000190734863,4.2439470291137695,2400
2010-12-31,4.579999923706055,4.706666946411133,4.5416669845581055,4.5416669845581055,4.236172199249268,15000
2011-01-04,4.525000095367432,4.630000114440918,4.506667137145996,4.583333015441895,4.2750349044799805,16800
2011-01-05,4.583333015441895,4.583333015441895,4.466667175292969,4.466667175292969,4.166216373443604,3600
2011-01-06,4.466667175292969,4.508333206176758,4.466667175292969,4.508333206176758,4.205081462860107,1800
2011-01-07,4.508333206176758,4.508333206176758,4.508333206176758,4.508333206176758,4.205081462860107,0
2011-01-10,4.4716668128967285,4.4716668128967285,4.4716668128967285,4.4716668128967285,4.17087984085083,2400
2011-01-11,4.6666669845581055,4.6666669845581055,4.489999771118164,4.59833288192749,4.289026260375977,6600
2011-01-12,4.46999979019165,4.46999979019165,4.46999979019165,4.46999979019165,4.169326305389404,7200
2011-01-13,4.581666946411133,4.581666946411133,4.498332977294922,4.5,4.197305202484131,6600
2011-01-14,4.539999961853027,4.5416669845581055,4.539999961853027,4.5416669845581055,4.236172199249268,2400
2011-01-17,4.4716668128967285,4.559999942779541,4.4716668128967285,4.559999942779541,4.253273010253906,2400
2011-01-18,4.426667213439941,4.565000057220459,4.426667213439941,4.498332977294922,4.1957526206970215,10800
2011-01-19,4.4166669845581055,4.4166669845581055,4.4166669845581055,4.4166669845581055,4.11958122253418,1200
2011-01-20,4.4166669845581055,4.4166669845581055,4.4166669845581055,4.4166669845581055,4.11958122253418,0
2011-01-21,4.498332977294922,4.498332977294922,4.446667194366455,4.446667194366455,4.147562503814697,5400
2011-01-24,4.485000133514404,4.485000133514404,4.4716668128967285,4.4716668128967285,4.17087984085083,14400
2011-01-25,4.4716668128967285,4.4716668128967285,4.4716668128967285,4.4716668128967285,4.17087984085083,7800
2011-01-26,4.488333225250244,4.583333015441895,4.488333225250244,4.514999866485596,4.211298942565918,33000
2011-01-27,4.468332767486572,4.468332767486572,4.449999809265137,4.449999809265137,4.150671482086182,13800
2011-01-28,4.418333053588867,4.458333015441895,4.403333187103272,4.458333015441895,4.158442974090576,10800
2011-01-31,4.498332977294922,4.498332977294922,4.498332977294922,4.498332977294922,4.1957526206970215,1800
2011-02-01,4.498332977294922,4.498332977294922,4.498332977294922,4.498332977294922,4.1957526206970215,0
2011-02-02,4.498332977294922,4.5416669845581055,4.498332977294922,4.498332977294922,4.1957526206970215,4200
2011-02-04,4.40500020980835,4.40500020980835,4.40500020980835,4.40500020980835,4.108697891235352,1800
2011-02-07,4.406667232513428,4.406667232513428,4.403333187103272,4.403333187103272,4.107144355773926,3600
2011-02-08,4.400000095367432,4.400000095367432,4.283332824707031,4.349999904632568,4.057397842407227,11400
2011-02-09,4.349999904632568,4.349999904632568,4.349999904632568,4.349999904632568,4.057397842407227,0
2011-02-10,4.316667079925537,4.3466668128967285,4.316667079925537,4.3466668128967285,4.054288387298584,3600
2011-02-11,4.3466668128967285,4.3466668128967285,4.3466668128967285,4.3466668128967285,4.054288387298584,0
2011-02-17,4.434999942779541,4.539999961853027,4.434999942779541,4.539999961853027,4.234617710113525,14400
2011-02-18,4.5,4.5,4.5,4.5,4.197305202484131,600
2011-02-22,4.5416669845581055,4.583333015441895,4.5416669845581055,4.583333015441895,4.2750349044799805,14400
2011-02-23,4.460000038146973,4.493332862854004,4.460000038146973,4.493332862854004,4.1910905838012695,1800
2011-02-24,4.400000095367432,4.400000095367432,4.21999979019165,4.366666793823242,4.07294225692749,18000
2011-02-25,4.391666889190674,4.414999961853027,4.328332901000977,4.333333015441895,4.041851043701172,33000
2011-02-28,4.335000038146973,4.335000038146973,4.315000057220459,4.328332901000977,4.037187099456787,22800
2011-03-01,4.150000095367432,4.375,4.150000095367432,4.190000057220459,3.908158540725708,32400
2011-03-02,4.2733330726623535,4.2733330726623535,4.181666851043701,4.186666965484619,3.90505051612854,16200
2011-03-03,4.248332977294922,4.383333206176758,4.24666690826416,4.383333206176758,4.088489055633545,15000
2011-03-04,4.414999961853027,4.414999961853027,4.288332939147949,4.316667079925537,4.026306629180908,34200
2011-03-07,4.349999904632568,4.349999904632568,4.236667156219482,4.236667156219482,3.951688051223755,20400
2011-03-08,4.191667079925537,4.191667079925537,4.150000095367432,4.150000095367432,3.870850801467896,33000
2011-03-09,4.183332920074463,4.183332920074463,4.126667022705078,4.126667022705078,3.849086999893189,7200
2011-03-10,4.216667175292969,4.284999847412109,4.216667175292969,4.284999847412109,3.996770620346069,5400
2011-03-11,4.248332977294922,4.248332977294922,4.193333148956299,4.193333148956299,3.911268949508667,4800
2011-03-14,4.193333148956299,4.193333148956299,4.193333148956299,4.193333148956299,3.911268949508667,0
2011-03-15,4.168333053588867,4.168333053588867,4.110000133514404,4.110000133514404,3.833540439605713,4200
2011-03-16,4.164999961853027,4.1666669845581055,4.164999961853027,4.1666669845581055,3.886395215988159,1800
2011-03-17,4.1666669845581055,4.1666669845581055,4.1666669845581055,4.1666669845581055,3.89418363571167,0
2011-03-18,4.196667194366455,4.315000057220459,4.196667194366455,4.21999979019165,3.9440295696258554,10200
2011-03-21,4.21999979019165,4.21999979019165,4.21999979019165,4.21999979019165,3.9440295696258554,0
2011-03-22,4.226666927337647,4.331666946411133,4.224999904632568,4.224999904632568,3.94870400428772,8400
2011-03-23,4.224999904632568,4.224999904632568,4.218332767486572,4.218332767486572,3.942472219467163,4200
2011-03-24,4.196667194366455,4.324999809265137,4.196667194366455,4.324999809265137,4.04216194152832,22200
2011-03-25,4.324999809265137,4.324999809265137,4.289999961853027,4.289999961853027,4.0094523429870605,3600
2011-03-28,4.258333206176758,4.258333206176758,4.228332996368408,4.228332996368408,3.951818466186523,23400
2011-03-29,4.368332862854004,4.375,4.275000095367432,4.275000095367432,3.995432376861572,7800
2011-03-30,4.303332805633545,4.303332805633545,4.298333168029785,4.298333168029785,4.017240047454834,9000
2011-03-31,4.251667022705078,4.251667022705078,4.25,4.25,3.97206974029541,7200
2011-04-01,4.25,4.288332939147949,4.25,4.288332939147949,4.007893562316895,5400
2011-04-04,4.251667022705078,4.251667022705078,4.251667022705078,4.251667022705078,3.973626375198364,1800
2011-04-05,4.331666946411133,4.331666946411133,4.331666946411133,4.331666946411133,4.048396587371826,3600
2011-04-06,4.331666946411133,4.333333015441895,4.331666946411133,4.333333015441895,4.049951076507568,27600
2011-04-07,4.333333015441895,4.383333206176758,4.333333015441895,4.383333206176758,4.096682548522949,18600
2011-04-08,4.333333015441895,4.3383331298828125,4.333333015441895,4.333333015441895,4.049951076507568,13800
2011-04-11,4.333333015441895,4.446667194366455,4.333333015441895,4.446667194366455,4.155873775482178,9600
2011-04-12,4.333333015441895,4.445000171661377,4.333333015441895,4.445000171661377,4.154315948486328,37800
2011-04-13,4.583333015441895,4.583333015441895,4.349999904632568,4.4166669845581055,4.127836227416992,28200
2011-04-14,4.441667079925537,4.441667079925537,4.441667079925537,4.441667079925537,4.151199817657471,6000
2011-04-15,4.630000114440918,4.630000114440918,4.368332862854004,4.37166690826416,4.085779666900635,98400
2011-04-18,4.358333110809326,4.466667175292969,4.358333110809326,4.458333015441895,4.166776657104492,24600
2011-04-19,4.369999885559082,4.460000038146973,4.369999885559082,4.4166669845581055,4.127836227416992,43800
2011-04-20,4.4166669845581055,4.5,4.414999961853027,4.498332977294922,4.204160690307617,69000
2011-04-21,4.498332977294922,4.5,4.498332977294922,4.498332977294922,4.204160690307617,30600
2011-04-25,4.498332977294922,4.498332977294922,4.498332977294922,4.498332977294922,4.204160690307617,154200
2011-04-26,4.498332977294922,4.498332977294922,4.498332977294922,4.498332977294922,4.204160690307617,0
2011-04-28,4.388332843780518,4.388332843780518,4.358333110809326,4.358333110809326,4.073317050933838,3000
2011-04-29,4.358333110809326,4.358333110809326,4.358333110809326,4.358333110809326,4.073317050933838,0
2011-05-02,4.408332824707031,4.408332824707031,4.366666793823242,4.366666793823242,4.081104755401611,8400
2011-05-03,4.375,4.400000095367432,4.358333110809326,4.400000095367432,4.112259864807129,31800
2011-05-04,4.400000095367432,4.400000095367432,4.400000095367432,4.400000095367432,4.112259864807129,0
2011-05-06,4.4166669845581055,4.4166669845581055,4.3383331298828125,4.3383331298828125,4.054623603820801,4200
2011-05-09,4.333333015441895,4.333333015441895,4.333333015441895,4.333333015441895,4.049951076507568,600
2011-05-10,4.333333015441895,4.333333015441895,4.333333015441895,4.333333015441895,4.049951076507568,0
2011-05-12,4.333333015441895,4.333333015441895,4.333333015441895,4.333333015441895,4.049951076507568,1200
2011-05-16,4.333333015441895,4.4166669845581055,4.333333015441895,4.4166669845581055,4.127836227416992,3600
2011-05-17,4.37833309173584,4.37833309173584,4.364999771118164,4.364999771118164,4.079547882080078,2400
2011-05-18,4.364999771118164,4.364999771118164,4.364999771118164,4.364999771118164,4.079547882080078,0
2011-05-19,4.498332977294922,4.498332977294922,4.498332977294922,4.498332977294922,4.204160690307617,600
2011-05-24,4.458333015441895,4.525000095367432,4.458333015441895,4.525000095367432,4.22908353805542,27600
2011-05-25,4.3566670417785645,4.583333015441895,4.3566670417785645,4.578332901000977,4.278930187225342,10200
2011-05-26,4.566667079925537,4.650000095367432,4.566667079925537,4.650000095367432,4.3459086418151855,10200
2011-05-27,4.664999961853027,4.6666669845581055,4.664999961853027,4.6666669845581055,4.361486911773682,7200
2011-05-30,4.543333053588867,4.639999866485596,4.543333053588867,4.633333206176758,4.330331325531006,3000
2011-05-31,4.664999961853027,4.6666669845581055,4.664999961853027,4.6666669845581055,4.361486911773682,3000
2011-06-01,4.585000038146973,4.585000038146973,4.583333015441895,4.583333015441895,4.283602237701416,1800
2011-06-02,4.761666774749756,4.761666774749756,4.733333110809326,4.733333110809326,4.423793792724609,31800
2011-06-03,4.733333110809326,4.733333110809326,4.733333110809326,4.733333110809326,4.423793792724609,13200
2011-06-06,4.733333110809326,4.733333110809326,4.733333110809326,4.733333110809326,4.423793792724609,0
2011-06-07,4.531667232513428,4.531667232513428,4.53000020980835,4.53000020980835,4.233757495880127,1200
2011-06-08,4.53000020980835,4.53000020980835,4.53000020980835,4.53000020980835,4.233757495880127,0
2011-06-10,4.668333053588867,4.668333053588867,4.668333053588867,4.668333053588867,4.3630452156066895,1200
2011-06-13,4.668333053588867,4.668333053588867,4.668333053588867,4.668333053588867,4.3630452156066895,0
2011-06-14,4.611667156219482,4.611667156219482,4.611667156219482,4.611667156219482,4.310085773468018,1800
2011-06-15,4.611667156219482,4.611667156219482,4.611667156219482,4.611667156219482,4.310085773468018,0
2011-06-16,4.656667232513428,4.656667232513428,4.656667232513428,4.656667232513428,4.352140426635742,2400
2011-06-17,4.656667232513428,4.656667232513428,4.656667232513428,4.656667232513428,4.352140426635742,0
2011-06-20,4.433332920074463,4.641666889190674,4.433332920074463,4.631667137145996,4.328774929046631,9600
2011-06-21,4.62166690826416,4.62166690826416,4.62166690826416,4.62166690826416,4.319429397583008,1800
2011-06-22,4.656667232513428,4.813333034515381,4.656667232513428,4.813333034515381,4.498563289642334,5400
2011-06-23,4.6666669845581055,4.909999847412109,4.6666669845581055,4.909999847412109,4.588905334472656,3600
2011-06-24,4.835000038146973,4.836667060852051,4.833333015441895,4.836667060852051,4.520370006561279,3600
2011-06-27,4.978332996368408,4.994999885559082,4.875,4.875,4.556196689605713,27600
2011-06-28,4.966667175292969,4.966667175292969,4.966667175292969,4.966667175292969,4.641870021820068,1800
2011-06-29,4.983333110809326,4.983333110809326,4.983333110809326,4.983333110809326,4.657444477081299,1200
2011-06-30,4.983333110809326,4.983333110809326,4.983333110809326,4.983333110809326,4.657444477081299,0
2011-07-06,4.8466668128967285,4.983333110809326,4.8466668128967285,4.983333110809326,4.657444477081299,3600
2011-07-07,4.84833288192749,4.84833288192749,4.84833288192749,4.84833288192749,4.53127384185791,600
2011-07-08,4.84833288192749,4.84833288192749,4.84833288192749,4.84833288192749,4.53127384185791,0
2011-07-11,4.998332977294922,5.0,4.998332977294922,5.0,4.673020362854004,4800
2011-07-12,5.083333015441895,5.083333015441895,5.083333015441895,5.083333015441895,4.750904560089111,1800
2011-07-13,5.316667079925537,5.333333015441895,5.170000076293945,5.183332920074463,4.844364643096924,6000
2011-07-14,5.208333015441895,5.208333015441895,5.1666669845581055,5.1666669845581055,4.828789710998535,5400
2011-07-15,5.1666669845581055,5.1666669845581055,5.1666669845581055,5.1666669845581055,4.828789710998535,0
2011-07-18,5.083333015441895,5.085000038146973,5.083333015441895,5.085000038146973,4.752462863922119,4800
2011-07-19,5.331666946411133,5.331666946411133,5.331666946411133,5.331666946411133,4.993227481842041,1800
2011-07-20,5.331666946411133,5.331666946411133,5.331666946411133,5.331666946411133,4.993227481842041,0
2011-07-21,5.414999961853027,5.414999961853027,5.414999961853027,5.414999961853027,5.07127046585083,1200
2011-07-22,5.25,5.25,5.21999979019165,5.21999979019165,4.888648986816406,3600
2011-07-25,5.4166669845581055,5.460000038146973,5.4166669845581055,5.460000038146973,5.113413333892822,2400
2011-07-26,5.460000038146973,5.460000038146973,5.460000038146973,5.460000038146973,5.113413333892822,0
2011-07-28,5.125,5.125,5.125,5.125,4.799678325653076,1800
2011-07-29,5.1666669845581055,5.1666669845581055,5.1666669845581055,5.1666669845581055,4.8386993408203125,1200
2011-08-02,5.210000038146973,5.210000038146973,5.210000038146973,5.210000038146973,4.879281997680664,1200
2011-08-03,5.065000057220459,5.2916669845581055,5.065000057220459,5.2916669845581055,4.9557647705078125,2400
2011-08-04,5.2916669845581055,5.2916669845581055,5.2916669845581055,5.2916669845581055,4.9557647705078125,0
2011-08-05,4.991666793823242,5.331666946411133,4.989999771118164,5.331666946411133,4.993227481842041,3600
2011-08-08,4.863333225250244,4.863333225250244,4.75,4.75,4.448483467102051,10200
2011-08-09,4.8383331298828125,4.9166669845581055,4.836667060852051,4.836667060852051,4.529650688171387,6000
2011-08-10,4.836667060852051,4.836667060852051,4.836667060852051,4.836667060852051,4.529650688171387,0
2011-08-11,5.03000020980835,5.081666946411133,4.96999979019165,4.96999979019165,4.654517650604248,7200
2011-08-12,5.083333015441895,5.083333015441895,5.083333015441895,5.083333015441895,4.760656833648682,1200
2011-08-15,5.083333015441895,5.083333015441895,5.083333015441895,5.083333015441895,4.760656833648682,1800
2011-08-16,5.248332977294922,5.248332977294922,5.248332977294922,5.248332977294922,4.915182590484619,1200
2011-08-17,4.945000171661377,4.945000171661377,4.945000171661377,4.945000171661377,4.631104469299316,2400
2011-08-18,4.945000171661377,4.945000171661377,4.945000171661377,4.945000171661377,4.631104469299316,0
2011-08-19,4.9166669845581055,4.9166669845581055,4.9166669845581055,4.9166669845581055,4.604569911956787,1200
2011-08-22,4.9166669845581055,4.9166669845581055,4.9166669845581055,4.9166669845581055,4.604569911956787,0
2011-08-25,5.108333110809326,5.108333110809326,5.108333110809326,5.108333110809326,4.784070014953613,600
2011-08-26,5.318333148956299,5.318333148956299,5.318333148956299,5.318333148956299,4.980739593505859,4800
2011-08-29,5.263332843780518,5.406667232513428,5.081666946411133,5.081666946411133,4.759096145629883,17400
2011-08-30,4.968332767486572,4.968332767486572,4.800000190734863,4.801667213439941,4.496870517730713,9600
2011-08-31,4.793333053588867,4.793333053588867,4.793333053588867,4.793333053588867,4.489066123962402,600
2011-09-01,4.883333206176758,5.0416669845581055,4.883333206176758,4.9716668128967285,4.656076908111572,4800
2011-09-02,4.84499979019165,4.84499979019165,4.84499979019165,4.84499979019165,4.53745174407959,600
2011-09-06,4.881667137145996,4.894999980926514,4.881667137145996,4.894999980926514,4.5842790603637695,3600
2011-09-07,4.894999980926514,4.946667194366455,4.894999980926514,4.946667194366455,4.642544746398926,6600
2011-09-08,4.835000038146973,4.980000019073486,4.835000038146973,4.9716668128967285,4.666007518768311,6600
2011-09-09,4.9166669845581055,4.9166669845581055,4.9166669845581055,4.9166669845581055,4.614389419555664,1800
2011-09-12,4.9166669845581055,4.9166669845581055,4.9166669845581055,4.9166669845581055,4.614389419555664,0
2011-09-14,4.888332843780518,4.888332843780518,4.888332843780518,4.888332843780518,4.587796688079834,1200
2011-09-15,4.889999866485596,4.889999866485596,4.889999866485596,4.889999866485596,4.589362144470215,600
2011-09-16,4.889999866485596,4.889999866485596,4.889999866485596,4.889999866485596,4.589362144470215,0
2011-09-19,4.758333206176758,5.058332920074463,4.758333206176758,5.058332920074463,4.7473464012146,6000
2011-09-20,5.0,5.0,5.0,5.0,4.692601203918457,600
2011-09-21,5.063333034515381,5.146667003631592,5.063333034515381,5.146667003631592,4.830250263214111,6600
2011-09-22,4.711667060852051,4.893332958221436,4.711667060852051,4.893332958221436,4.5924906730651855,4800
2011-09-23,4.75,4.861667156219482,4.75,4.858333110809326,4.559641361236572,5400
2011-09-26,4.833333015441895,4.833333015441895,4.833333015441895,4.833333015441895,4.53618049621582,1200
2011-09-27,4.929999828338623,4.931666851043701,4.929999828338623,4.931666851043701,4.628465175628662,1800
2011-09-28,4.931666851043701,4.931666851043701,4.931666851043701,4.931666851043701,4.628465175628662,0
2011-10-04,4.835000038146973,4.835000038146973,4.835000038146973,4.835000038146973,4.537744045257568,1800
2011-10-05,4.883333206176758,4.883333206176758,4.883333206176758,4.883333206176758,4.583104610443115,3600
2011-10-06,4.883333206176758,4.883333206176758,4.883333206176758,4.883333206176758,4.583104610443115,0
2011-10-07,4.918333053588867,5.123332977294922,4.784999847412109,4.9166669845581055,4.614389419555664,19200
2011-10-11,5.118332862854004,5.119999885559082,5.118332862854004,5.119999885559082,4.805222034454346,2400
2011-10-12,5.125,5.125,5.125,5.125,4.8099141120910645,2400
2011-10-13,5.204999923706055,5.315000057220459,5.204999923706055,5.315000057220459,4.9882330894470215,7200
2011-10-14,5.315000057220459,5.315000057220459,5.315000057220459,5.315000057220459,4.9882330894470215,0
2011-10-17,5.126667022705078,5.126667022705078,5.126667022705078,5.126667022705078,4.811478137969971,1200
2011-10-18,5.085000038146973,5.085000038146973,5.025000095367432,5.085000038146973,4.772374629974365,3600
2011-10-19,5.085000038146973,5.085000038146973,5.085000038146973,5.085000038146973,4.772374629974365,0
2011-10-20,5.25,5.25,5.25,5.25,4.9272308349609375,1200
2011-10-21,5.168333053588867,5.168333053588867,5.125,5.125,4.8099141120910645,4800
2011-10-24,5.293333053588867,5.293333053588867,5.293333053588867,5.293333053588867,4.967896938323975,3000
2011-10-25,5.15166711807251,5.15166711807251,5.15166711807251,5.15166711807251,4.83494234085083,600
2011-10-26,5.150000095367432,5.150000095367432,5.150000095367432,5.150000095367432,4.833378314971924,600
2011-10-27,5.150000095367432,5.150000095367432,5.150000095367432,5.150000095367432,4.833378314971924,0
2011-11-02,5.164999961853027,5.1666669845581055,5.164999961853027,5.1666669845581055,4.849020957946777,3600
2011-11-03,5.164999961853027,5.1666669845581055,5.164999961853027,5.1666669845581055,4.849020957946777,2400
2011-11-04,5.1666669845581055,5.1666669845581055,5.1666669845581055,5.1666669845581055,4.849020957946777,0
2011-11-09,5.261666774749756,5.261666774749756,5.261666774749756,5.261666774749756,4.93817949295044,2400
2011-11-10,5.164999961853027,5.1666669845581055,5.164999961853027,5.1666669845581055,4.849020957946777,7200
2011-11-11,5.333333015441895,5.333333015441895,5.333333015441895,5.333333015441895,5.00544023513794,600
2011-11-14,5.333333015441895,5.333333015441895,5.333333015441895,5.333333015441895,5.00544023513794,0
2011-11-17,5.251667022705078,5.251667022705078,5.25,5.25,4.9272308349609375,3600
2011-11-18,5.25,5.25,5.25,5.25,4.9272308349609375,0
2011-11-22,5.0883331298828125,5.0883331298828125,5.083333015441895,5.083333015441895,4.770809650421143,5400
2011-11-23,5.083333015441895,5.083333015441895,5.083333015441895,5.083333015441895,4.770809650421143,0
2011-11-24,5.008333206176758,5.085000038146973,5.008333206176758,5.033332824707031,4.723884105682373,5400
2011-11-25,5.006667137145996,5.006667137145996,4.923333168029785,4.923333168029785,4.620645999908447,3600
2011-11-28,5.0,5.093332767486572,5.0,5.093332767486572,4.780194282531738,3000
2011-11-29,5.0,5.045000076293945,5.0,5.045000076293945,4.734832763671875,1800
2011-11-30,5.045000076293945,5.045000076293945,5.045000076293945,5.045000076293945,4.746593475341797,0
2011-12-01,5.050000190734863,5.113333225250244,5.050000190734863,5.113333225250244,4.81088399887085,4200
2011-12-02,5.113333225250244,5.113333225250244,5.113333225250244,5.113333225250244,4.81088399887085,0
2011-12-05,5.156667232513428,5.158332824707031,5.156667232513428,5.158332824707031,4.853222846984863,3000
2011-12-06,5.331666946411133,5.331666946411133,5.331666946411133,5.331666946411133,5.016303539276123,1200
2011-12-07,5.331666946411133,5.331666946411133,5.331666946411133,5.331666946411133,5.016303539276123,0
2011-12-08,5.331666946411133,5.331666946411133,5.0,5.164999961853027,4.859495162963867,3600
2011-12-09,5.164999961853027,5.164999961853027,5.164999961853027,5.164999961853027,4.859495162963867,0
2011-12-12,4.801667213439941,5.083333015441895,4.801667213439941,5.083333015441895,4.782659530639648,4200
2011-12-13,5.083333015441895,5.083333015441895,5.083333015441895,5.083333015441895,4.782659530639648,0
2011-12-21,5.123332977294922,5.125,5.123332977294922,5.125,4.821861267089844,2400
2011-12-22,5.125,5.125,5.125,5.125,4.821861267089844,0
2011-12-28,4.849999904632568,5.333333015441895,4.849999904632568,5.191667079925537,4.884587287902832,7800
2011-12-29,5.191667079925537,5.191667079925537,5.191667079925537,5.191667079925537,4.884587287902832,0
2011-12-30,5.333333015441895,5.333333015441895,5.333333015441895,5.333333015441895,5.0178728103637695,1800
2012-01-04,5.163332939147949,5.304999828338623,5.163332939147949,5.304999828338623,4.991213798522949,3000
2012-01-05,5.1666669845581055,5.1666669845581055,5.1666669845581055,5.1666669845581055,4.861064434051514,2400
2012-01-06,5.1666669845581055,5.1666669845581055,5.1666669845581055,5.1666669845581055,4.861064434051514,0
2012-01-11,5.181666851043701,5.183332920074463,5.181666851043701,5.183332920074463,4.876744747161865,1200
2012-01-12,5.183332920074463,5.183332920074463,5.183332920074463,5.183332920074463,4.876744747161865,0
2012-01-23,5.001667022705078,5.368332862854004,5.0,5.0,4.704257011413574,5400
2012-01-24,5.0,5.010000228881836,5.0,5.010000228881836,4.7136640548706055,3000
2012-01-25,5.061666965484619,5.199999809265137,5.061666965484619,5.199999809265137,4.892425537109375,1200
2012-01-26,5.0883331298828125,5.0883331298828125,5.00333309173584,5.00333309173584,4.707391262054443,7800
2012-01-27,4.835000038146973,5.061666965484619,4.835000038146973,5.061666965484619,4.762274265289307,3600
2012-01-30,5.061666965484619,5.061666965484619,5.061666965484619,5.061666965484619,4.762274265289307,0
2012-02-03,5.061666965484619,5.061666965484619,4.923333168029785,4.923333168029785,4.632122993469238,9600
2012-02-06,5.156667232513428,5.156667232513428,5.081666946411133,5.130000114440918,4.826566219329834,9000
2012-02-07,5.190000057220459,5.190000057220459,5.190000057220459,5.190000057220459,4.883017063140869,1200
2012-02-08,5.178332805633545,5.178332805633545,5.0233330726623535,5.0233330726623535,4.726207733154297,4800
2012-02-09,5.0233330726623535,5.0233330726623535,5.0233330726623535,5.0233330726623535,4.726207733154297,0
2012-02-10,4.923333168029785,4.923333168029785,4.923333168029785,4.923333168029785,4.632122993469238,2400
2012-02-13,4.923333168029785,4.923333168029785,4.923333168029785,4.923333168029785,4.632122993469238,0
2012-02-14,5.065000057220459,5.066667079925537,5.065000057220459,5.066667079925537,4.766978740692139,2400
2012-02-15,5.066667079925537,5.066667079925537,5.066667079925537,5.066667079925537,4.766978740692139,0
2012-02-17,4.913332939147949,5.058332920074463,4.913332939147949,5.058332920074463,4.759138584136963,1200
2012-02-21,5.058332920074463,5.058332920074463,5.058332920074463,5.058332920074463,4.759138584136963,0
2012-02-22,5.108333110809326,5.108333110809326,5.108333110809326,5.108333110809326,4.806179523468018,600
2012-02-23,5.108333110809326,5.108333110809326,5.108333110809326,5.108333110809326,4.806179523468018,0
2012-02-27,5.058332920074463,5.058332920074463,5.058332920074463,5.058332920074463,4.759138584136963,1200
2012-02-28,5.058332920074463,5.150000095367432,5.058332920074463,5.141666889190674,4.8375420570373535,6600
2012-02-29,5.058332920074463,5.058332920074463,5.058332920074463,5.058332920074463,4.759138584136963,1800
2012-03-05,5.108333110809326,5.118332862854004,5.108333110809326,5.118332862854004,4.8155903816223145,2400
2012-03-06,5.118332862854004,5.118332862854004,5.118332862854004,5.118332862854004,4.8155903816223145,0
2012-03-07,5.266666889190674,5.268332958221436,5.266666889190674,5.268332958221436,4.956717014312744,3000
2012-03-08,5.268332958221436,5.268332958221436,5.268332958221436,5.268332958221436,4.956717014312744,0
2012-03-13,5.324999809265137,5.408332824707031,5.318333148956299,5.358333110809326,5.041393280029297,10200
2012-03-14,5.434999942779541,5.434999942779541,5.433332920074463,5.434999942779541,5.113526344299316,3000
2012-03-15,5.434999942779541,5.434999942779541,5.434999942779541,5.434999942779541,5.113526344299316,0
2012-03-19,5.434999942779541,5.434999942779541,5.434999942779541,5.434999942779541,5.113526344299316,1200
2012-03-21,5.434999942779541,5.434999942779541,5.434999942779541,5.434999942779541,5.12531328201294,0
2012-03-22,5.5,5.5416669845581055,5.5,5.5416669845581055,5.225902557373047,6600
2012-03-23,5.556666851043701,5.559999942779541,5.556666851043701,5.559999942779541,5.243189334869385,1800
2012-03-26,5.583333015441895,5.583333015441895,5.583333015441895,5.583333015441895,5.26519250869751,1200
2012-03-27,5.583333015441895,5.625,5.583333015441895,5.625,5.3044867515563965,2400
2012-03-28,5.5416669845581055,5.5416669845581055,5.536666870117188,5.536666870117188,5.221188068389893,2400
2012-03-29,5.518332958221436,5.518332958221436,5.518332958221436,5.518332958221436,5.203897953033447,1200
2012-03-30,5.518332958221436,5.518332958221436,5.518332958221436,5.518332958221436,5.203897953033447,0
2012-04-02,5.525000095367432,5.525000095367432,5.525000095367432,5.525000095367432,5.210184097290039,600
2012-04-03,5.706666946411133,5.706666946411133,5.591667175292969,5.633333206176758,5.3123459815979,4800
2012-04-04,5.633333206176758,5.633333206176758,5.633333206176758,5.633333206176758,5.3123459815979,0
2012-04-09,5.708333015441895,5.708333015441895,5.708333015441895,5.708333015441895,5.383070945739746,1800
2012-04-10,5.668333053588867,5.668333053588867,5.6666669845581055,5.6666669845581055,5.34377908706665,1800
2012-04-11,5.6666669845581055,5.6666669845581055,5.6666669845581055,5.6666669845581055,5.34377908706665,0
2012-04-12,5.7316670417785645,5.75,5.6666669845581055,5.6666669845581055,5.34377908706665,3000
2012-04-13,5.681666851043701,5.696667194366455,5.681666851043701,5.696667194366455,5.3720703125,2400
2012-04-16,5.716667175292969,5.716667175292969,5.6666669845581055,5.6666669845581055,5.34377908706665,3000
2012-04-17,5.6666669845581055,5.833333015441895,5.6666669845581055,5.833333015441895,5.500948905944824,16200
2012-04-18,6.833333015441895,6.833333015441895,6.5,6.664999961853027,6.2852277755737305,26400
2012-04-19,6.831666946411133,6.831666946411133,6.448332786560059,6.449999809265137,6.0824785232543945,12000
2012-04-20,6.566667079925537,6.566667079925537,6.518332958221436,6.518332958221436,6.146916389465332,2400
2012-04-23,6.599999904632568,6.599999904632568,6.49666690826416,6.49666690826416,6.126484394073486,7800
2012-04-24,6.525000095367432,6.928332805633545,6.525000095367432,6.849999904632568,6.459686756134033,21000
2012-04-25,7.0,7.161666870117188,6.994999885559082,7.161666870117188,6.753594875335693,6600
2012-04-26,7.21999979019165,7.21999979019165,6.940000057220459,6.940000057220459,6.544559001922607,3600
2012-04-27,6.998332977294922,7.083333015441895,6.998332977294922,7.083333015441895,6.67972469329834,6600
2012-04-30,7.101666927337647,7.101666927337647,7.101666927337647,7.101666927337647,6.697011947631836,1800
2012-05-01,7.118332862854004,7.1666669845581055,7.118332862854004,7.1666669845581055,6.7583088874816895,6000
2012-05-02,7.133333206176758,7.4166669845581055,7.133333206176758,7.4166669845581055,6.994064807891846,7200
2012-05-03,7.498332977294922,7.5,7.483333110809326,7.5,7.0726494789123535,9000
2012-05-04,7.491666793823242,7.491666793823242,7.2083330154418945,7.2083330154418945,6.797601222991943,6000
2012-05-07,7.00333309173584,7.321667194366455,7.00333309173584,7.199999809265137,6.789743423461914,2400
2012-05-08,7.15500020980835,7.183332920074463,7.15500020980835,7.183332920074463,6.774024963378906,2400
2012-05-09,6.804999828338623,7.1666669845581055,6.804999828338623,7.1666669845581055,6.7583088874816895,4200
2012-05-10,7.12833309173584,7.163332939147949,7.12833309173584,7.163332939147949,6.755165576934815,138000
2012-05-11,7.116666793823242,7.116666793823242,7.116666793823242,7.116666793823242,6.711156368255615,1200
2012-05-14,7.116666793823242,7.116666793823242,7.116666793823242,7.116666793823242,6.711156368255615,0
2012-05-17,6.948332786560059,6.966667175292969,6.9166669845581055,6.966667175292969,6.569705486297607,7200
2012-05-18,6.966667175292969,6.966667175292969,6.966667175292969,6.966667175292969,6.569705486297607,0
2012-05-22,7.081666946411133,7.081666946411133,6.574999809265137,6.574999809265137,6.200355052947998,90000
2012-05-23,6.309999942779541,6.539999961853027,6.309999942779541,6.474999904632568,6.106054306030273,13800
2012-05-24,6.556666851043701,6.6666669845581055,6.556666851043701,6.6666669845581055,6.286800384521484,3000
2012-05-25,6.6666669845581055,6.6666669845581055,6.6666669845581055,6.6666669845581055,6.286800384521484,3000
2012-05-28,6.6666669845581055,6.6666669845581055,6.6666669845581055,6.6666669845581055,6.286800384521484,2400
2012-05-29,6.625,6.775000095367432,6.625,6.775000095367432,6.3889594078063965,1800
2012-05-30,6.775000095367432,6.775000095367432,6.775000095367432,6.775000095367432,6.3889594078063965,0
2012-05-31,6.831666946411133,6.833333015441895,6.778333187103272,6.778333187103272,6.392101764678955,4800
2012-06-01,6.739999771118164,6.833333015441895,6.739999771118164,6.833333015441895,6.443968772888184,2400
2012-06-04,6.62833309173584,6.6666669845581055,6.62833309173584,6.6666669845581055,6.286800384521484,1800
2012-06-05,6.6666669845581055,7.0,6.6666669845581055,7.0,6.601139068603516,10800
2012-06-06,6.994999885559082,7.116666793823242,6.9166669845581055,6.9166669845581055,6.522554397583008,25200
2012-06-07,6.9166669845581055,6.9166669845581055,6.9166669845581055,6.9166669845581055,6.522554397583008,0
2012-06-08,7.013332843780518,7.0416669845581055,7.013332843780518,7.0416669845581055,6.640433311462402,11400
2012-06-11,7.113333225250244,7.113333225250244,6.804999828338623,6.804999828338623,6.417249202728272,8400
2012-06-12,6.893332958221436,6.894999980926514,6.893332958221436,6.894999980926514,6.50212287902832,2400
2012-06-13,6.894999980926514,6.894999980926514,6.894999980926514,6.894999980926514,6.50212287902832,0
2012-06-14,6.849999904632568,6.849999904632568,6.84499979019165,6.84499979019165,6.454970836639404,3000
2012-06-15,6.84499979019165,6.84499979019165,6.84499979019165,6.84499979019165,6.454970836639404,0
2012-06-18,6.766666889190674,6.888332843780518,6.733333110809326,6.888332843780518,6.495834827423096,24000
2012-06-19,7.09833288192749,7.1666669845581055,7.09833288192749,7.1666669845581055,6.7583088874816895,11400
2012-06-20,7.414999961853027,7.414999961853027,7.414999961853027,7.414999961853027,6.992493629455566,600
2012-06-21,7.440000057220459,7.5,7.440000057220459,7.5,7.0726494789123535,3600
2012-06-22,7.516666889190674,7.516666889190674,7.413332939147949,7.413332939147949,6.990922451019287,6000
2012-06-25,7.400000095367432,7.400000095367432,7.400000095367432,7.400000095367432,6.978348255157471,1200
2012-06-26,7.375,7.441667079925537,7.375,7.441667079925537,7.017640113830566,4800
2012-06-27,7.383333206176758,7.403333187103271,7.376667022705078,7.376667022705078,6.956344127655029,3000
2012-06-28,7.360000133514404,7.4166669845581055,7.360000133514404,7.4166669845581055,6.994064807891846,10800
2012-06-29,7.606667041778564,7.608333110809326,7.433332920074463,7.433332920074463,7.009780406951904,3000
2012-07-03,7.538332939147949,7.599999904632568,7.538332939147949,7.599999904632568,7.1669511795043945,3600
2012-07-04,7.383333206176758,7.5,7.383333206176758,7.5,7.0726494789123535,1200
2012-07-05,7.456666946411133,7.550000190734863,7.454999923706055,7.550000190734863,7.11979866027832,4800
2012-07-06,7.418333053588867,7.418333053588867,7.4166669845581055,7.4166669845581055,6.994064807891846,6000
2012-07-09,7.453332901000977,7.453332901000977,7.453332901000977,7.453332901000977,7.028641700744629,2400
2012-07-10,7.343332767486572,7.650000095367432,7.324999809265137,7.650000095367432,7.214100837707519,34200
2012-07-11,7.8333330154418945,7.8333330154418945,7.8333330154418945,7.8333330154418945,7.386989116668701,1800
2012-07-12,7.923333168029785,7.925000190734863,7.923333168029785,7.925000190734863,7.473432540893555,14400
2012-07-13,7.699999809265137,8.0,7.699999809265137,8.0,7.544161319732666,25200
2012-07-16,8.100000381469727,8.100000381469727,8.066666603088379,8.066666603088379,7.607027053833008,2400
2012-07-17,8.0,8.0,7.991666793823242,8.0,7.555868148803711,4200
2012-07-18,8.329999923706055,8.333333015441895,8.154999732971191,8.154999732971191,7.702262878417969,7200
2012-07-19,8.154999732971191,8.154999732971191,8.154999732971191,8.154999732971191,7.702262878417969,0
2012-07-20,8.15999984741211,8.15999984741211,8.083333015441895,8.083333015441895,7.634572505950928,2400
2012-07-23,8.083333015441895,8.083333015441895,8.083333015441895,8.083333015441895,7.634572505950928,0
2012-07-24,7.998332977294922,7.998332977294922,7.885000228881836,7.989999771118164,7.546422004699707,2400
2012-07-25,7.989999771118164,7.989999771118164,7.989999771118164,7.989999771118164,7.546422004699707,0
2012-07-26,7.881667137145996,7.881667137145996,7.881667137145996,7.881667137145996,7.444103717803955,2400
2012-07-27,7.881667137145996,7.881667137145996,7.881667137145996,7.881667137145996,7.444103717803955,0
2012-07-30,8.0,8.0,8.0,8.0,7.555868148803711,1800
2012-07-31,7.940000057220459,7.940000057220459,7.933332920074463,7.933332920074463,7.492901802062988,2400
2012-08-01,7.933332920074463,7.933332920074463,7.933332920074463,7.933332920074463,7.492901802062988,0
2012-08-03,7.908332824707031,7.908332824707031,7.908332824707031,7.908332824707031,7.469290733337402,1200
2012-08-07,7.960000038146973,7.960000038146973,7.949999809265137,7.949999809265137,7.508644104003906,5400
2012-08-08,8.138333320617676,8.145000457763672,8.138333320617676,8.143333435058594,7.69124174118042,4200
2012-08-09,8.248332977294922,8.25,8.248332977294922,8.25,7.791987895965576,3600
2012-08-10,8.331666946411133,8.335000038146973,8.331666946411133,8.333333015441895,7.870692729949951,4800
2012-08-13,8.483332633972168,8.483332633972168,7.988333225250244,7.988333225250244,7.544848918914795,1200
2012-08-14,8.363332748413086,8.364999771118164,8.363332748413086,8.364999771118164,7.900604248046875,2400
2012-08-15,8.265000343322754,8.265000343322754,8.265000343322754,8.265000343322754,7.80615758895874,1200
2012-08-16,8.454999923706055,8.585000038146973,8.208333015441895,8.208333015441895,7.752635478973389,19800
2012-08-17,8.199999809265137,8.199999809265137,8.178333282470703,8.178333282470703,7.724299907684326,1800
2012-08-20,8.178333282470703,8.178333282470703,8.178333282470703,8.178333282470703,7.724299907684326,0
2012-08-21,8.071666717529297,8.30666732788086,8.0,8.30666732788086,7.845510005950928,7800
2012-08-22,8.30666732788086,8.30666732788086,8.30666732788086,8.30666732788086,7.845510005950928,600
2012-08-23,8.30666732788086,8.30666732788086,8.30666732788086,8.30666732788086,7.845510005950928,0
2012-08-24,8.703332901000977,8.703332901000977,8.333333015441895,8.333333015441895,7.870692729949951,1200
2012-08-27,8.46166706085205,8.46166706085205,8.46166706085205,8.46166706085205,7.991902828216553,1800
2012-08-28,8.46166706085205,8.46166706085205,8.46166706085205,8.46166706085205,7.991902828216553,1200
2012-08-29,8.316666603088379,8.316666603088379,8.316666603088379,8.316666603088379,7.854954719543457,1200
2012-08-30,8.335000038146973,8.335000038146973,8.333333015441895,8.333333015441895,7.870692729949951,2400
2012-08-31,8.539999961853027,8.539999961853027,8.539999961853027,8.539999961853027,8.065887451171875,1800
2012-09-04,8.539999961853027,8.539999961853027,8.539999961853027,8.539999961853027,8.065887451171875,0
2012-09-05,8.358332633972168,8.358332633972168,8.186667442321777,8.186667442321777,7.732174873352051,3600
2012-09-06,8.348333358764648,8.350000381469727,8.348333358764648,8.350000381469727,7.88643741607666,3000
2012-09-07,8.350000381469727,8.350000381469727,8.266667366027832,8.266667366027832,7.80773115158081,1800
2012-09-10,8.396666526794434,8.396666526794434,8.25,8.25,7.791987895965576,6000
2012-09-11,8.180000305175781,8.180000305175781,8.15999984741211,8.15999984741211,7.706984996795654,2400
2012-09-12,7.9766669273376465,8.100000381469727,7.949999809265137,7.9633331298828125,7.532774925231934,9600
2012-09-13,7.918333053588867,7.918333053588867,7.716667175292969,7.8333330154418945,7.4098029136657715,17400
2012-09-14,7.9166669845581055,7.9166669845581055,7.741666793823242,7.741666793823242,7.323095321655273,11400
2012-09-17,7.565000057220459,7.6016669273376465,7.563333034515381,7.6016669273376465,7.190664291381836,12600
2012-09-18,7.608333110809326,7.608333110809326,7.551667213439941,7.551667213439941,7.143366813659668,12000
2012-09-19,7.556666851043701,7.614999771118164,7.546667098999023,7.546667098999023,7.138636112213135,5400
2012-09-20,7.546667098999023,7.546667098999023,7.50333309173584,7.50333309173584,7.097646713256836,1800
2012-09-21,7.483333110809326,7.5,7.466667175292969,7.485000133514404,7.0803070068359375,4800
2012-09-24,7.460000038146973,7.493332862854004,7.441667079925537,7.493332862854004,7.088186740875244,14400
2012-09-25,7.561666965484619,7.591667175292969,7.561666965484619,7.591667175292969,7.181204795837402,7200
2012-09-26,7.591667175292969,7.591667175292969,7.591667175292969,7.591667175292969,7.181204795837402,0
2012-09-28,7.565000057220459,7.565000057220459,7.5366668701171875,7.5366668701171875,7.129178524017334,4200
2012-10-01,7.550000190734863,7.591667175292969,7.550000190734863,7.591667175292969,7.181204795837402,2400
2012-10-02,7.5416669845581055,7.5416669845581055,7.5416669845581055,7.5416669845581055,7.133907318115234,4200
2012-10-03,7.579999923706055,7.579999923706055,7.558332920074463,7.566667079925537,7.157555103302002,1800
2012-10-04,7.551667213439941,7.551667213439941,7.550000190734863,7.550000190734863,7.141791820526123,2400
2012-10-05,7.576666831970215,8.016667366027832,7.576666831970215,8.016667366027832,7.58322811126709,9000
2012-10-09,8.223333358764648,8.223333358764648,8.223333358764648,8.223333358764648,7.778717517852783,1200
2012-10-10,8.06833267211914,8.225000381469727,8.06833267211914,8.203332901000977,7.759798049926758,9000
2012-10-11,8.21166706085205,8.21166706085205,8.166666984558105,8.166666984558105,7.725115776062012,4200
2012-10-12,8.228333473205566,8.335000038146973,8.228333473205566,8.251667022705078,7.805521011352539,9600
2012-10-15,8.300000190734863,8.300000190734863,8.289999961853027,8.289999961853027,7.841778755187988,4200
2012-10-16,8.289999961853027,8.289999961853027,8.289999961853027,8.289999961853027,7.841778755187988,0
2012-10-17,8.289999961853027,8.289999961853027,8.25333309173584,8.289999961853027,7.841778755187988,6600
2012-10-18,8.276666641235352,8.283332824707031,8.276666641235352,8.283332824707031,7.835474014282227,3600
2012-10-19,8.248332977294922,8.25,8.210000038146973,8.210000038146973,7.766105651855469,2400
2012-10-22,8.153332710266113,8.153332710266113,8.153332710266113,8.153332710266113,7.712502956390381,1200
2012-10-23,8.136667251586914,8.18166732788086,8.136667251586914,8.138333320617676,7.698314189910889,8400
2012-10-24,8.138333320617676,8.138333320617676,8.138333320617676,8.138333320617676,7.698314189910889,0
2012-10-25,8.138333320617676,8.138333320617676,8.138333320617676,8.138333320617676,7.698314189910889,1200
2012-10-26,8.19333267211914,8.19333267211914,8.19333267211914,8.19333267211914,7.750340461730957,600
2012-10-29,8.130000114440918,8.130000114440918,8.130000114440918,8.130000114440918,7.690432071685791,1200
2012-10-30,8.28166675567627,8.28166675567627,8.28166675567627,8.28166675567627,7.83389949798584,1200
2012-10-31,8.28166675567627,8.28166675567627,8.28166675567627,8.28166675567627,7.83389949798584,0
2012-11-01,8.191666603088379,8.191666603088379,8.191666603088379,8.191666603088379,7.748764514923096,600
2012-11-02,8.039999961853027,8.039999961853027,8.03833293914795,8.03833293914795,7.603719711303711,2400
2012-11-05,8.111666679382324,8.111666679382324,8.0,8.0,7.567460060119629,2400
2012-11-06,8.0,8.0,7.991666793823242,7.991666793823242,7.559577465057373,3600
2012-11-07,8.0,8.0,7.998332977294922,7.998332977294922,7.565882682800293,6600
2012-11-08,7.974999904632568,7.991666793823242,7.9583330154418945,7.9583330154418945,7.528046607971191,138000
2012-11-09,8.058333396911621,8.100000381469727,8.05666732788086,8.058333396911621,7.622641086578369,4800
2012-11-12,8.095000267028809,8.095000267028809,7.99666690826416,8.010000228881836,7.576920032501221,5400
2012-11-13,7.993332862854004,8.0,7.945000171661377,7.946667194366455,7.517010688781738,6600
2012-11-14,8.036666870117188,8.036666870117188,7.945000171661377,7.945000171661377,7.515434265136719,3000
2012-11-15,7.8983330726623535,7.8983330726623535,7.8983330726623535,7.8983330726623535,7.47128963470459,3000
2012-11-16,7.8983330726623535,7.8983330726623535,7.8983330726623535,7.8983330726623535,7.47128963470459,0
2012-11-19,7.8933329582214355,8.048333168029785,7.8933329582214355,8.048333168029785,7.613180160522461,3600
2012-11-20,8.0,8.0,8.0,8.0,7.567460060119629,1200
2012-11-21,7.991666793823242,8.023332595825195,7.991666793823242,8.023332595825195,7.589531421661377,2400
2012-11-22,7.961667060852051,8.039999961853027,7.961667060852051,7.966667175292969,7.535929203033447,17400
2012-11-23,7.918333053588867,7.918333053588867,7.9166669845581055,7.9166669845581055,7.488632678985596,1200
2012-11-26,7.914999961853027,7.9166669845581055,7.869999885559082,7.869999885559082,7.444488525390625,4800
2012-11-27,7.738333225250244,7.813333034515381,7.7266669273376465,7.761666774749756,7.342011451721191,10800
2012-11-28,7.758333206176758,7.9583330154418945,7.630000114440918,7.9583330154418945,7.528046607971191,16800
2012-11-29,8.106666564941406,8.106666564941406,8.098333358764648,8.098333358764648,7.660475730895996,3000
2012-11-30,8.125,8.161666870117188,8.125,8.161666870117188,7.720387935638428,3000
2012-12-03,8.236666679382324,8.236666679382324,8.208333015441895,8.208333015441895,7.764529228210449,1800
2012-12-04,8.106666564941406,8.171667098999023,8.106666564941406,8.16333293914795,7.733739376068115,9600
2012-12-05,8.140000343322754,8.140000343322754,8.140000343322754,8.140000343322754,7.711635112762451,1200
2012-12-06,8.166666984558105,8.166666984558105,8.026666641235352,8.046667098999023,7.62321138381958,11400
2012-12-07,8.024999618530273,8.024999618530273,8.0,8.0,7.579002380371094,2400
2012-12-10,8.133333206176758,8.133333206176758,8.050000190734863,8.100000381469727,7.673739910125732,4800
2012-12-11,8.149999618530273,8.333333015441895,8.149999618530273,8.333333015441895,7.894792556762695,11400
2012-12-12,8.331666946411133,8.338333129882812,8.251667022705078,8.266667366027832,7.831634521484375,33600
2012-12-13,8.266667366027832,8.266667366027832,8.266667366027832,8.266667366027832,7.831634521484375,0
2012-12-14,8.161666870117188,8.170000076293945,8.050000190734863,8.050000190734863,7.626369953155518,6000
2012-12-17,8.116666793823242,8.136667251586914,7.961667060852051,8.046667098999023,7.62321138381958,5400
2012-12-18,8.0,8.100000381469727,8.0,8.100000381469727,7.673739910125732,7800
2012-12-19,7.994999885559082,7.994999885559082,7.994999885559082,7.994999885559082,7.574264049530029,1200
2012-12-20,8.043333053588867,8.043333053588867,8.043333053588867,8.043333053588867,7.620053291320801,1200
2012-12-21,8.096667289733887,8.096667289733887,8.028332710266113,8.029999732971191,7.607424259185791,7800
2012-12-24,8.005000114440918,8.058333396911621,8.005000114440918,8.039999961853027,7.616898059844971,4200
2012-12-27,8.058333396911621,8.058333396911621,7.989999771118164,7.991666793823242,7.571106433868408,9000
2012-12-28,8.024999618530273,8.024999618530273,8.024999618530273,8.024999618530273,7.602686405181885,600
2012-12-31,8.130000114440918,8.130000114440918,8.130000114440918,8.130000114440918,7.70216178894043,600
2013-01-02,8.333333015441895,8.333333015441895,8.158332824707031,8.175000190734863,7.744793891906738,9000
2013-01-03,8.1899995803833,8.1899995803833,8.1899995803833,8.1899995803833,7.759003639221191,1200
2013-01-04,8.1899995803833,8.1899995803833,8.1899995803833,8.1899995803833,7.759003639221191,0
2013-01-08,8.3149995803833,8.316666603088379,8.3149995803833,8.316666603088379,7.879003524780273,1800
2013-01-09,8.316666603088379,8.316666603088379,8.316666603088379,8.316666603088379,7.879003524780273,0
2013-01-10,8.271666526794434,8.271666526794434,8.271666526794434,8.271666526794434,7.836373329162598,600
2013-01-11,8.271666526794434,8.271666526794434,8.271666526794434,8.271666526794434,7.836373329162598,0
2013-01-14,8.204999923706055,8.204999923706055,8.204999923706055,8.204999923706055,7.773214340209961,1200
2013-01-15,8.194999694824219,8.194999694824219,8.164999961853027,8.166666984558105,7.7368974685668945,8400
2013-01-16,8.166666984558105,8.166666984558105,8.166666984558105,8.166666984558105,7.7368974685668945,0
2013-01-17,8.166666984558105,8.168333053588867,8.166666984558105,8.168333053588867,7.738475322723389,4200
2013-01-18,8.248332977294922,8.25,8.199999809265137,8.199999809265137,7.768476009368896,6600
2013-01-21,8.199999809265137,8.199999809265137,8.199999809265137,8.199999809265137,7.768476009368896,0
2013-01-22,8.198332786560059,8.199999809265137,8.198332786560059,8.199999809265137,7.768476009368896,1800
2013-01-23,8.015000343322754,8.015000343322754,8.015000343322754,8.015000343322754,7.5932111740112305,13800
2013-01-24,8.016667366027832,8.061667442321777,8.016667366027832,8.061667442321777,7.637423038482666,2400
2013-01-25,8.018333435058594,8.018333435058594,8.0,8.0,7.579002380371094,8400
2013-01-28,7.9766669273376465,7.9766669273376465,7.9766669273376465,7.9766669273376465,7.556895732879639,1200
2013-01-29,8.063332557678223,8.074999809265137,8.063332557678223,8.074999809265137,7.650056838989258,4800
2013-01-30,8.076666831970215,8.208333015441895,8.076666831970215,8.078332901000977,7.653212070465088,2400
2013-01-31,8.166666984558105,8.223333358764648,8.076666831970215,8.076666831970215,7.651634216308594,6000
2013-02-01,8.076666831970215,8.076666831970215,8.076666831970215,8.076666831970215,7.651634216308594,0
2013-02-05,8.083333015441895,8.329999923706055,8.083333015441895,8.329999923706055,7.891634464263916,10800
2013-02-06,8.456666946411133,8.8100004196167,8.456666946411133,8.8100004196167,8.3463773727417,12000
2013-02-07,8.798333168029785,8.798333168029785,8.798333168029785,8.798333168029785,8.335323333740234,1200
2013-02-08,8.798333168029785,8.798333168029785,8.798333168029785,8.798333168029785,8.335323333740234,0
2013-02-11,8.938332557678223,8.978333473205566,8.901666641235352,8.901666641235352,8.433213233947754,21600
2013-02-12,8.899999618530273,8.899999618530273,8.899999618530273,8.899999618530273,8.431639671325684,1200
2013-02-13,8.916666984558105,8.916666984558105,8.916666984558105,8.916666984558105,8.447429656982422,3600
2013-02-14,8.94333267211914,8.94333267211914,8.94333267211914,8.94333267211914,8.472691535949707,1200
2013-02-15,8.94333267211914,8.94333267211914,8.94333267211914,8.94333267211914,8.472691535949707,600
2013-02-19,8.885000228881836,9.108332633972168,8.885000228881836,9.108332633972168,8.629009246826172,6000
2013-02-20,9.048333168029783,9.048333168029783,8.896666526794434,8.933333396911621,8.46321964263916,5400
2013-02-21,8.833333015441895,8.833333015441895,8.75,8.75,8.289532661437988,3600
2013-02-22,8.75,8.75,8.75,8.75,8.289532661437988,0
2013-02-25,8.8149995803833,8.816666603088379,8.783332824707031,8.783332824707031,8.321110725402832,9600
2013-02-26,8.666666984558105,8.666666984558105,8.641667366027832,8.641667366027832,8.18690299987793,3600
2013-02-27,8.641667366027832,8.641667366027832,8.641667366027832,8.641667366027832,8.18690299987793,0
2013-02-28,8.833333015441895,8.835000038146973,8.833333015441895,8.835000038146973,8.370059967041016,3000
2013-03-01,8.835000038146973,8.835000038146973,8.835000038146973,8.835000038146973,8.370059967041016,0
2013-03-04,8.83666706085205,8.891667366027832,8.83666706085205,8.891667366027832,8.423747062683105,19200
2013-03-05,8.956666946411133,8.958333015441895,8.949999809265137,8.958333015441895,8.48690128326416,3000
2013-03-06,8.958333015441895,8.958333015441895,8.958333015441895,8.958333015441895,8.48690128326416,0
2013-03-07,9.201666831970217,9.201666831970217,9.199999809265137,9.199999809265137,8.715851783752441,2400
2013-03-08,9.331666946411133,9.494999885559082,9.331666946411133,9.423333168029783,8.927433013916016,7800
2013-03-11,9.449999809265137,9.553333282470703,9.449999809265137,9.476667404174805,8.977962493896484,9000
2013-03-12,9.449999809265137,9.449999809265137,9.19166660308838,9.208333015441896,8.723746299743652,7200
2013-03-13,9.208333015441896,9.208333015441896,9.208333015441896,9.208333015441896,8.723746299743652,0
2013-03-14,9.4350004196167,9.4350004196167,9.4350004196167,9.4350004196167,8.938483238220215,2400
2013-03-15,9.4350004196167,9.4350004196167,9.4350004196167,9.4350004196167,8.938483238220215,0
2013-03-18,9.265000343322754,9.266667366027832,9.265000343322754,9.266667366027832,8.779013633728027,1800
2013-03-19,9.33666706085205,9.33666706085205,9.0,9.145000457763672,8.663747787475586,15600
2013-03-20,9.166666984558104,9.166666984558104,8.958333015441895,8.966667175292969,8.494799613952637,20400
2013-03-21,8.966667175292969,8.991666793823242,8.966667175292969,8.989999771118164,8.5169038772583,11400
2013-03-22,8.989999771118164,8.989999771118164,8.989999771118164,8.989999771118164,8.5169038772583,1200
2013-03-25,9.011667251586914,9.041666984558104,9.011667251586914,9.041666984558104,8.565852165222168,1800
2013-03-26,8.926667213439941,8.926667213439941,8.925000190734863,8.925000190734863,8.467031478881836,2400
2013-03-27,8.908332824707031,9.125,8.84333324432373,9.125,8.656768798828125,7200
2013-03-28,9.178333282470703,9.18166732788086,9.178333282470703,9.18166732788086,8.710524559020996,1800
2013-04-01,9.223333358764648,9.223333358764648,9.223333358764648,9.223333358764648,8.750056266784668,2400
2013-04-02,9.295000076293944,9.416666984558104,9.295000076293944,9.416666984558104,8.933465003967285,3000
2013-04-03,9.333333015441896,9.333333015441896,9.118332862854004,9.166666984558104,8.696293830871582,4200
2013-04-04,9.300000190734863,9.34333324432373,9.25333309173584,9.34333324432373,8.863897323608398,14400
2013-04-05,9.32333278656006,9.32333278656006,9.136667251586914,9.15999984741211,8.689972877502441,22800
2013-04-08,9.19499969482422,9.216667175292969,9.153332710266112,9.153332710266112,8.68364429473877,4800
2013-04-09,9.238332748413086,9.238332748413086,9.238332748413086,9.238332748413086,8.76428508758545,1800
2013-04-10,9.353333473205566,9.353333473205566,9.353333473205566,9.353333473205566,8.873381614685059,1800
2013-04-11,9.353333473205566,9.353333473205566,9.353333473205566,9.353333473205566,8.873381614685059,0
2013-04-12,9.5649995803833,9.741666793823242,9.460000038146973,9.515000343322754,9.026755332946776,19800
2013-04-15,9.795000076293944,9.795000076293944,9.533332824707031,9.533332824707031,9.044145584106444,10200
2013-04-16,9.631667137145996,9.699999809265137,9.533332824707031,9.699999809265137,9.202261924743652,15600
2013-04-17,9.625,9.625,9.598333358764648,9.625,9.131110191345217,12000
2013-04-18,9.774999618530272,9.911666870117188,9.774999618530272,9.899999618530272,9.39199924468994,29400
2013-04-19,9.981666564941406,10.166666984558104,9.981666564941406,10.166666984558104,9.644981384277344,18600
2013-04-22,10.013333320617676,10.016667366027832,10.0,10.0,9.486865043640137,7800
2013-04-23,9.789999961853027,9.841667175292969,9.789999961853027,9.841667175292969,9.336658477783203,3600
2013-04-24,9.983332633972168,10.0,9.83666706085205,9.83666706085205,9.331914901733398,51600
2013-04-25,9.835000038146973,9.925000190734863,9.835000038146973,9.925000190734863,9.415717124938965,1800
2013-04-26,9.891667366027832,9.891667366027832,9.891667366027832,9.891667366027832,9.38409423828125,600
2013-04-29,9.838333129882812,9.841667175292969,9.838333129882812,9.841667175292969,9.336658477783203,2400
2013-04-30,9.861666679382324,10.333333015441896,9.861666679382324,10.221667289733888,9.697161674499512,37200
2013-05-01,10.216667175292969,10.25,10.043333053588867,10.043333053588867,9.527976036071776,10200
2013-05-02,10.116666793823242,10.291666984558104,10.116666793823242,10.291666984558104,9.763566970825195,4200
2013-05-03,10.25333309173584,10.300000190734863,10.074999809265137,10.074999809265137,9.55801773071289,7200
2013-05-06,10.074999809265137,10.074999809265137,10.06666660308838,10.06666660308838,9.550113677978516,6000
2013-05-07,10.043333053588867,10.043333053588867,10.043333053588867,10.043333053588867,9.527976036071776,1800
2013-05-08,9.993332862854004,10.109999656677246,9.993332862854004,10.109999656677246,9.591222763061523,3000
2013-05-09,10.015000343322754,10.015000343322754,10.013333320617676,10.013333320617676,9.499516487121582,1800
2013-05-10,9.979999542236328,9.979999542236328,9.979999542236328,9.979999542236328,9.467893600463867,600
2013-05-13,10.053333282470703,10.170000076293944,10.053333282470703,10.170000076293944,9.648143768310549,2400
2013-05-14,10.168333053588867,10.18333339691162,10.085000038146973,10.085000038146973,9.567506790161133,16800
2013-05-15,9.954999923706056,9.954999923706056,9.954999923706056,9.954999923706056,9.444175720214844,1200
2013-05-16,10.078332901000977,10.078332901000977,9.94833278656006,9.94833278656006,9.43785285949707,7800
2013-05-17,10.079999923706056,10.083333015441896,10.079999923706056,10.083333015441896,9.565924644470217,3000
2013-05-21,10.333333015441896,10.40999984741211,10.333333015441896,10.333333015441896,9.80309772491455,4800
2013-05-22,10.234999656677246,10.234999656677246,10.233332633972168,10.233332633972168,9.70822811126709,1800
2013-05-23,10.15999984741211,10.15999984741211,9.916666984558104,9.916666984558104,9.407812118530272,3000
2013-05-24,9.846667289733888,9.846667289733888,9.846667289733888,9.846667289733888,9.341403007507324,1200
2013-05-27,9.890000343322754,9.918333053588867,9.793333053588867,9.793333053588867,9.290804862976074,7800
2013-05-28,9.833333015441896,9.845000267028809,9.833333015441896,9.84000015258789,9.335079193115234,4800
2013-05-29,9.71500015258789,9.71500015258789,9.708333015441896,9.708333015441896,9.21016788482666,1800
2013-05-30,9.661666870117188,9.661666870117188,9.608332633972168,9.608332633972168,9.115300178527832,10800
2013-05-31,9.541666984558104,9.755000114440918,9.541666984558104,9.666666984558104,9.17064094543457,6600
2013-06-03,9.751667022705078,9.751667022705078,9.733332633972168,9.733332633972168,9.233882904052734,2400
2013-06-04,9.733332633972168,9.733332633972168,9.733332633972168,9.733332633972168,9.233882904052734,0
2013-06-05,9.56666660308838,9.56666660308838,9.56666660308838,9.56666660308838,9.07576847076416,600
2013-06-06,9.5,9.583333015441896,9.5,9.583333015441896,9.091581344604492,8400
2013-06-07,9.53166675567627,9.583333015441896,9.505000114440918,9.505000114440918,9.017266273498535,6600
2013-06-10,9.633333206176758,9.633333206176758,9.536666870117188,9.579999923706056,9.088420867919922,3000
2013-06-11,9.613332748413086,9.613332748413086,9.613332748413086,9.613332748413086,9.120040893554688,6600
2013-06-12,9.613332748413086,9.613332748413086,9.613332748413086,9.613332748413086,9.120040893554688,0
2013-06-13,9.484999656677246,9.829999923706056,9.484999656677246,9.829999923706056,9.325590133666992,1800
2013-06-14,9.91333293914795,9.91333293914795,9.835000038146973,9.875,9.368279457092283,10200
2013-06-17,9.981666564941406,10.268333435058594,9.981666564941406,10.268333435058594,9.74143123626709,10800
2013-06-18,10.298333168029783,10.471667289733888,10.298333168029783,10.43333339691162,9.897963523864746,7800
2013-06-19,10.43333339691162,10.43333339691162,10.43333339691162,10.43333339691162,9.897963523864746,0
2013-06-20,10.241666793823242,10.258333206176758,10.213333129882812,10.258333206176758,9.731945991516112,3000
2013-06-21,10.258333206176758,10.258333206176758,10.258333206176758,10.258333206176758,9.731945991516112,4800
2013-06-24,10.033332824707031,10.06666660308838,10.001667022705078,10.00333309173584,9.49002742767334,4200
2013-06-25,10.164999961853027,10.166666984558104,10.039999961853027,10.039999961853027,9.52481460571289,1800
2013-06-26,10.140000343322754,10.239999771118164,10.140000343322754,10.239999771118164,9.714555740356444,5400
2013-06-27,10.25,10.283332824707031,10.154999732971191,10.251667022705078,9.725621223449709,12000
2013-06-28,10.251667022705078,10.416666984558104,10.251667022705078,10.416666984558104,9.88215446472168,3000
2013-07-02,10.416666984558104,10.416666984558104,10.416666984558104,10.416666984558104,9.88215446472168,1200
2013-07-03,10.416666984558104,10.416666984558104,10.416666984558104,10.416666984558104,9.88215446472168,0
2013-07-05,10.475000381469728,10.641667366027832,10.475000381469728,10.641667366027832,10.09560775756836,10800
2013-07-08,10.633333206176758,10.633333206176758,10.225000381469728,10.239999771118164,9.714555740356444,10800
2013-07-09,9.631667137145996,9.765000343322754,9.49666690826416,9.765000343322754,9.263927459716797,50400
2013-07-10,10.039999961853027,10.5,9.978333473205566,10.44166660308838,9.905871391296388,73200
2013-07-11,10.333333015441896,10.403332710266112,10.333333015441896,10.403332710266112,9.869501113891602,1800
2013-07-12,10.351667404174805,10.373332977294922,10.300000190734863,10.30166721343994,9.773054122924805,5400
2013-07-15,10.53166675567627,10.53833293914795,10.53166675567627,10.53833293914795,9.997575759887695,1200
2013-07-16,10.501667022705078,10.501667022705078,10.265000343322754,10.279999732971191,9.764081001281738,25200
2013-07-17,10.373332977294922,10.62833309173584,10.361666679382324,10.62833309173584,10.094931602478027,15000
2013-07-18,10.625,10.796667098999023,10.625,10.703332901000977,10.16616916656494,9600
2013-07-19,10.738332748413086,10.738332748413086,10.738332748413086,10.738332748413086,10.199411392211914,1200
2013-07-22,10.774999618530272,10.774999618530272,10.774999618530272,10.774999618530272,10.23423671722412,1800
2013-07-23,10.766667366027832,10.826666831970217,10.758333206176758,10.78166675567627,10.240570068359377,10800
2013-07-24,10.733332633972168,10.789999961853027,10.710000038146973,10.789999961853027,10.24848175048828,4200
2013-07-25,10.666666984558104,10.706666946411133,10.666666984558104,10.706666946411133,10.169334411621094,4800
2013-07-26,10.56833267211914,10.56833267211914,10.56833267211914,10.56833267211914,10.037944793701172,600
2013-07-29,10.44333267211914,10.44333267211914,10.44333267211914,10.44333267211914,9.919218063354492,1800
2013-07-30,10.640000343322754,10.664999961853027,10.5,10.5,9.973041534423828,10200
2013-07-31,10.43333339691162,10.529999732971191,10.43333339691162,10.529999732971191,10.001534461975098,6000
2013-08-01,10.518333435058594,10.518333435058594,10.518333435058594,10.518333435058594,9.990452766418455,1200
2013-08-02,10.578332901000977,10.578332901000977,10.578332901000977,10.578332901000977,10.047441482543944,600
2013-08-06,10.338333129882812,10.338333129882812,10.171667098999023,10.171667098999023,9.66118335723877,4200
2013-08-07,10.266667366027832,10.266667366027832,10.03833293914795,10.039999961853027,9.536124229431152,4800
2013-08-08,10.289999961853027,10.348333358764648,10.289999961853027,10.348333358764648,9.828983306884766,1800
2013-08-09,10.43166732788086,10.43166732788086,10.43166732788086,10.43166732788086,9.908138275146484,1200
2013-08-12,10.266667366027832,10.266667366027832,10.266667366027832,10.266667366027832,9.751416206359863,1200
2013-08-13,10.149999618530272,10.149999618530272,10.033332824707031,10.033332824707031,9.529793739318848,2400
2013-08-14,10.041666984558104,10.041666984558104,9.675000190734863,9.786666870117188,9.29550838470459,12000
2013-08-15,10.494999885559082,10.494999885559082,9.793333053588867,9.93166732788086,9.433229446411133,9600
2013-08-16,9.883333206176758,9.883333206176758,9.833333015441896,9.833333015441896,9.339829444885254,3600
2013-08-19,10.41333293914795,10.41333293914795,9.901666641235352,9.958333015441896,9.45855712890625,9600
2013-08-20,9.83666706085205,9.83666706085205,9.835000038146973,9.835000038146973,9.341415405273438,4800
2013-08-21,9.760000228881836,9.760000228881836,9.74666690826416,9.74666690826416,9.257513999938965,1800
2013-08-22,9.758333206176758,9.758333206176758,9.611666679382324,9.631667137145996,9.148286819458008,4200
2013-08-23,9.666666984558104,9.821666717529297,9.666666984558104,9.789999961853027,9.29866886138916,2400
2013-08-26,9.771666526794434,9.791666984558104,9.725000381469728,9.725000381469728,9.236936569213867,9000
2013-08-27,9.59333324432373,9.59333324432373,9.416666984558104,9.416666984558104,8.944075584411621,5400
2013-08-28,9.416666984558104,9.416666984558104,9.416666984558104,9.416666984558104,8.944075584411621,0
2013-08-29,9.475000381469728,9.475000381469728,9.475000381469728,9.475000381469728,8.999480247497559,1800
2013-08-30,10.131667137145996,10.21500015258789,10.043333053588867,10.083333015441896,9.577281951904297,8400
2013-09-03,10.261667251586914,10.263333320617676,10.175000190734863,10.199999809265137,9.688098907470703,7800
2013-09-04,10.263333320617676,10.56666660308838,10.263333320617676,10.395000457763672,9.873308181762695,10200
2013-09-05,10.548333168029783,10.619999885559082,10.458333015441896,10.458333015441896,9.933465957641602,2400
2013-09-06,10.423333168029783,10.423333168029783,10.416666984558104,10.416666984558104,9.893887519836426,2400
2013-09-09,10.376667022705078,10.376667022705078,10.373332977294922,10.373332977294922,9.866544723510742,1200
2013-09-10,10.533332824707031,10.606666564941406,10.416666984558104,10.574999809265137,10.058356285095217,7800
2013-09-11,10.506667137145996,10.713333129882812,10.506667137145996,10.713333129882812,10.189933776855469,6600
2013-09-12,10.561667442321776,10.561667442321776,10.561667442321776,10.561667442321776,10.045677185058594,1200
2013-09-13,10.561667442321776,10.561667442321776,10.561667442321776,10.561667442321776,10.045677185058594,0
2013-09-16,10.651666641235352,10.6899995803833,10.651666641235352,10.666666984558104,10.145546913146973,16200
2013-09-17,10.588333129882812,10.588333129882812,10.493332862854004,10.493332862854004,9.980680465698242,4800
2013-09-18,10.473333358764648,10.529999732971191,10.473333358764648,10.529999732971191,10.015557289123535,2400
2013-09-19,10.646666526794434,10.646666526794434,10.585000038146973,10.591667175292969,10.074211120605469,5400
2013-09-20,10.541666984558104,10.606666564941406,10.536666870117188,10.603333473205566,10.085305213928224,6600
2013-09-23,10.630000114440918,10.720000267028809,10.630000114440918,10.720000267028809,10.19627571105957,4800
2013-09-24,10.675000190734863,10.953332901000977,10.675000190734863,10.953332901000977,10.418209075927734,4200
2013-09-25,10.835000038146973,10.866666793823242,10.720000267028809,10.725000381469728,10.20102882385254,7200
2013-09-26,10.404999732971191,10.833333015441896,10.404999732971191,10.833333015441896,10.304068565368652,3600
2013-09-27,10.828332901000977,10.833333015441896,10.828332901000977,10.833333015441896,10.304068565368652,2400
2013-09-30,10.828332901000977,10.858332633972168,10.69166660308838,10.69166660308838,10.169322967529297,11400
2013-10-01,10.90999984741211,11.0,10.90999984741211,10.96500015258789,10.429303169250488,2400
2013-10-02,10.951666831970217,10.951666831970217,10.951666831970217,10.951666831970217,10.416619300842283,1200
2013-10-03,11.05666732788086,11.286666870117188,11.05666732788086,11.0649995803833,10.524418830871582,52200
2013-10-04,11.06833267211914,11.100000381469728,11.06833267211914,11.096667289733888,10.554537773132324,53400
2013-10-07,10.838333129882812,11.08666706085205,10.833333015441896,11.08666706085205,10.54502773284912,3000
2013-10-08,11.050000190734863,11.09333324432373,11.041666984558104,11.041666984558104,10.50222396850586,3600
2013-10-09,11.123332977294922,11.123332977294922,11.123332977294922,11.123332977294922,10.579899787902832,600
2013-10-10,11.350000381469728,11.451666831970217,11.350000381469728,11.44166660308838,10.882682800292969,4800
2013-10-11,11.408332824707031,11.456666946411133,11.399999618530272,11.408332824707031,10.850975036621094,5400
2013-10-15,11.40999984741211,11.56666660308838,11.40999984741211,11.483332633972168,10.922314643859863,10800
2013-10-16,11.458333015441896,11.633333206176758,11.458333015441896,11.5600004196167,10.995231628417969,5400
2013-10-17,11.68000030517578,11.68000030517578,11.5,11.5,10.938166618347168,14400
2013-10-18,11.829999923706056,11.829999923706056,11.543333053588867,11.618332862854004,11.05072021484375,11400
2013-10-21,11.668333053588867,11.833333015441896,11.600000381469728,11.688332557678224,11.117298126220703,21600
2013-10-22,11.831666946411133,11.998332977294922,11.708333015441896,11.708333015441896,11.13632106781006,22200
2013-10-23,11.708333015441896,11.80500030517578,11.671667098999023,11.758333206176758,11.183878898620604,12000
2013-10-24,11.65666675567627,11.78833293914795,11.649999618530272,11.78833293914795,11.212414741516112,8400
2013-10-25,11.666666984558104,11.744999885559082,11.591667175292969,11.645000457763672,11.076082229614258,16200
2013-10-28,11.833333015441896,11.833333015441896,11.686667442321776,11.69166660308838,11.12047004699707,18600
2013-10-29,11.699999809265137,11.829999923706056,11.699999809265137,11.71500015258789,11.14266300201416,19200
2013-10-30,11.90666675567627,11.90666675567627,11.725000381469728,11.811667442321776,11.234606742858888,34800
2013-10-31,11.835000038146973,12.005000114440918,11.835000038146973,11.851667404174805,11.272652626037598,12600
2013-11-01,12.078332901000977,12.078332901000977,11.866666793823242,11.983332633972168,11.397883415222168,8400
2013-11-04,11.949999809265137,12.001667022705078,11.87833309173584,11.87833309173584,11.298015594482422,5400
2013-11-05,11.893333435058594,12.020000457763672,11.893333435058594,12.0,11.413737297058104,6000
2013-11-06,11.880000114440918,11.94499969482422,11.869999885559082,11.908332824707031,11.326553344726562,31800
2013-11-07,11.856666564941406,11.916666984558104,11.796667098999023,11.796667098999023,11.220338821411133,2400
2013-11-08,11.914999961853027,12.0,11.914999961853027,12.0,11.413737297058104,6000
2013-11-11,12.103333473205566,12.166666984558104,12.0,12.0,11.413737297058104,5400
2013-11-12,11.859999656677246,12.0,11.859999656677246,12.0,11.413737297058104,3000
2013-11-13,12.09333324432373,12.106666564941406,12.09333324432373,12.106666564941406,11.515192985534668,3000
2013-11-14,12.268333435058594,12.268333435058594,11.986666679382324,11.986666679382324,11.401057243347168,3600
2013-11-15,11.960000038146973,11.991666793823242,11.958333015441896,11.991666793823242,11.40581512451172,3000
2013-11-18,11.991666793823242,12.119999885559082,11.975000381469728,12.119999885559082,11.527874946594238,12600
2013-11-19,11.991666793823242,12.153332710266112,11.991666793823242,12.153332710266112,11.559578895568848,9600
2013-11-20,12.31666660308838,12.333333015441896,12.31666660308838,12.328332901000977,11.726033210754396,7800
2013-11-21,12.33666706085205,12.33666706085205,12.326666831970217,12.326666831970217,11.724445343017578,6000
2013-11-22,12.333333015441896,12.333333015441896,12.170000076293944,12.21833324432373,11.621404647827148,17400
2013-11-25,12.273332595825195,12.458333015441896,12.273332595825195,12.43333339691162,11.825902938842772,6600
2013-11-26,12.484999656677246,13.0600004196167,12.358332633972168,13.0600004196167,12.421952247619627,29400
2013-11-27,13.0,13.005000114440918,12.850000381469728,12.916666984558104,12.285621643066406,12000
2013-11-28,13.083333015441896,13.841667175292969,13.083333015441896,13.791666984558104,13.117875099182127,22800
2013-11-29,13.80166721343994,13.80166721343994,13.140000343322754,13.140000343322754,12.498044967651367,40200
2013-12-02,13.300000190734863,13.446666717529297,13.228333473205566,13.333333015441896,12.681931495666504,25200
2013-12-03,13.46500015258789,13.46500015258789,13.30666732788086,13.30666732788086,12.67241096496582,5400
2013-12-04,13.494999885559082,13.494999885559082,13.268333435058594,13.268333435058594,12.635904312133787,8400
2013-12-05,13.478333473205566,13.478333473205566,13.108332633972168,13.108332633972168,12.483525276184082,10800
2013-12-06,13.018333435058594,13.018333435058594,12.91333293914795,13.0,12.38036060333252,12000
2013-12-09,13.143333435058594,13.143333435058594,13.0,13.0,12.38036060333252,4200
2013-12-10,13.0,13.0,13.0,13.0,12.38036060333252,0
2013-12-11,13.0,13.239999771118164,13.0,13.06833267211914,12.445436477661133,4800
2013-12-12,13.303333282470703,13.303333282470703,12.883333206176758,12.883333206176758,12.26925563812256,5400
2013-12-13,13.06666660308838,13.166666984558104,13.06666660308838,13.166666984558104,12.53908348083496,1800
2013-12-16,13.05666732788086,13.25,13.05666732788086,13.25,12.618441581726074,1800
2013-12-17,13.333333015441896,13.5,13.166666984558104,13.373332977294922,12.735898971557615,14400
2013-12-18,13.3100004196167,13.3100004196167,13.226667404174805,13.233332633972168,12.602568626403809,2400
2013-12-19,13.0600004196167,13.234999656677246,13.0600004196167,13.234999656677246,12.60415744781494,14400
2013-12-20,13.1850004196167,13.1850004196167,13.17666721343994,13.17666721343994,12.54860496520996,5400
2013-12-23,13.18166732788086,13.18166732788086,13.18166732788086,13.18166732788086,12.55337142944336,4800
2013-12-24,13.18166732788086,13.18166732788086,13.18166732788086,13.18166732788086,12.55337142944336,0
2013-12-27,13.375,13.375,13.333333015441896,13.333333015441896,12.69780445098877,3000
2013-12-30,13.333333015441896,13.346667289733888,13.303333282470703,13.333333015441896,12.69780445098877,6600
2013-12-31,13.41333293914795,13.416666984558104,13.41333293914795,13.416666984558104,12.777167320251465,1200
2014-01-02,13.44333267211914,13.44333267211914,13.28499984741211,13.28499984741211,12.651777267456056,6600
2014-01-03,13.386667251586914,13.414999961853027,13.30166721343994,13.30166721343994,12.667648315429688,5400
2014-01-06,13.34000015258789,13.341667175292969,13.096667289733888,13.25,12.618441581726074,22200
2014-01-07,13.456666946411133,13.666666984558104,13.296667098999023,13.666666984558104,13.01524829864502,31800
2014-01-08,13.646666526794434,13.768333435058594,13.283332824707031,13.283332824707031,12.650188446044922,7800
2014-01-09,13.526666641235352,13.526666641235352,13.333333015441896,13.33666706085205,12.700980186462402,18000
2014-01-10,13.291666984558104,13.375,13.291666984558104,13.375,12.7374849319458,4200
2014-01-13,13.498332977294922,13.498332977294922,13.0,13.133333206176758,12.507335662841797,11400
2014-01-14,13.06833267211914,13.125,13.001667022705078,13.016667366027832,12.396233558654783,10200
2014-01-15,13.166666984558104,13.279999732971191,13.166666984558104,13.279999732971191,12.647014617919922,4200
2014-01-16,13.201666831970217,13.201666831970217,13.085000038146973,13.140000343322754,12.51368808746338,7200
2014-01-17,13.25,13.498332977294922,13.25,13.498332977294922,12.854937553405762,4800
2014-01-20,13.5,13.539999961853027,13.43333339691162,13.43333339691162,12.793039321899414,10800
2014-01-21,13.50333309173584,13.539999961853027,13.50333309173584,13.539999961853027,12.89462184906006,1200
2014-01-22,13.666666984558104,13.666666984558104,13.666666984558104,13.666666984558104,13.01524829864502,2400
2014-01-23,13.666666984558104,13.666666984558104,13.55500030517578,13.55500030517578,12.908906936645508,3600
2014-01-24,13.541666984558104,13.646666526794434,13.458333015441896,13.483332633972168,12.840657234191896,6000
2014-01-27,13.37166690826416,13.37166690826416,13.25,13.25,12.618441581726074,6000
2014-01-28,13.328332901000977,13.484999656677246,13.25,13.484999656677246,12.842243194580078,5400
2014-01-29,13.664999961853027,13.666666984558104,13.478333473205566,13.483332633972168,12.840657234191896,15000
2014-01-30,13.55500030517578,13.748332977294922,13.545000076293944,13.673333168029783,13.021598815917969,9000
2014-01-31,13.654999732971191,13.71166706085205,13.645000457763672,13.708333015441896,13.05492877960205,4800
2014-02-03,13.96166706085205,13.96166706085205,13.666666984558104,13.666666984558104,13.01524829864502,5400
2014-02-04,13.654999732971191,13.654999732971191,13.654999732971191,13.654999732971191,13.004137992858888,1200
2014-02-05,13.725000381469728,13.771666526794434,13.649999618530272,13.771666526794434,13.11524486541748,4200
2014-02-06,13.653332710266112,13.653332710266112,13.653332710266112,13.653332710266112,13.00255012512207,1200
2014-02-07,13.916666984558104,14.12166690826416,13.873332977294922,14.12166690826416,13.448562622070312,18600
2014-02-10,14.12166690826416,14.12166690826416,14.12166690826416,14.12166690826416,13.448562622070312,0
2014-02-11,14.37833309173584,14.37833309173584,14.091667175292969,14.113332748413086,13.440624237060549,7800
2014-02-12,14.428333282470703,14.428333282470703,14.3149995803833,14.3149995803833,13.632681846618652,6600
2014-02-13,14.49666690826416,14.498332977294922,14.49666690826416,14.498332977294922,13.80727767944336,4800
2014-02-14,14.541666984558104,14.69166660308838,14.541666984558104,14.678333282470703,13.978697776794434,12000
2014-02-18,14.585000038146973,14.585000038146973,14.449999809265137,14.449999809265137,13.76124668121338,4800
2014-02-19,14.449999809265137,14.484999656677246,14.233332633972168,14.233332633972168,13.554905891418455,13800
2014-02-20,14.354999542236328,14.75,14.353333473205566,14.75,14.046945571899414,12000
2014-02-21,14.641667366027832,14.668333053588867,14.585000038146973,14.585000038146973,13.889813423156738,6600
2014-02-24,14.585000038146973,14.708333015441896,14.585000038146973,14.69499969482422,13.99456787109375,4800
2014-02-25,14.744999885559082,14.744999885559082,14.688332557678224,14.688332557678224,13.988221168518066,3600
2014-02-26,14.585000038146973,14.604999542236328,14.585000038146973,14.604999542236328,13.908858299255373,1800
2014-02-27,14.614999771118164,14.649999618530272,14.5600004196167,14.5600004196167,13.866003036499023,5400
2014-02-28,14.585000038146973,14.734999656677246,14.585000038146973,14.729999542236328,14.027901649475098,4200
2014-03-03,14.726667404174805,14.726667404174805,14.726667404174805,14.726667404174805,14.024727821350098,3000
2014-03-04,14.733332633972168,14.733332633972168,14.545000076293944,14.66333293914795,13.9644136428833,4200
2014-03-05,14.65666675567627,14.68000030517578,14.574999809265137,14.68000030517578,13.9802827835083,12000
2014-03-06,14.699999809265137,14.699999809265137,14.699999809265137,14.699999809265137,13.999329566955566,1200
2014-03-07,14.618332862854004,14.618332862854004,14.618332862854004,14.618332862854004,13.921555519104004,600
2014-03-10,14.583333015441896,14.583333015441896,14.583333015441896,14.583333015441896,13.888225555419922,2400
2014-03-11,14.383333206176758,14.383333206176758,14.333333015441896,14.333333015441896,13.650144577026367,3000
2014-03-12,14.236666679382324,14.236666679382324,14.236666679382324,14.236666679382324,13.55808162689209,1800
2014-03-13,14.05666732788086,14.05666732788086,14.05666732788086,14.05666732788086,13.3866605758667,4200
2014-03-14,14.05666732788086,14.05666732788086,14.05666732788086,14.05666732788086,13.3866605758667,0
2014-03-17,14.05666732788086,14.449999809265137,14.05666732788086,14.449999809265137,13.76124668121338,1800
2014-03-18,14.458333015441896,14.739999771118164,14.458333015441896,14.739999771118164,14.037421226501465,7200
2014-03-19,14.828332901000977,15.466667175292969,14.828332901000977,15.466667175292969,14.729453086853027,21000
2014-03-20,15.216667175292969,15.216667175292969,15.216667175292969,15.216667175292969,14.49137020111084,1800
2014-03-21,15.5649995803833,15.833333015441896,15.5649995803833,15.69333267211914,14.945318222045898,16200
2014-03-24,15.850000381469728,15.850000381469728,15.833333015441896,15.833333015441896,15.078642845153809,8400
2014-03-25,15.494999885559082,15.494999885559082,15.420000076293944,15.420000076293944,14.70048713684082,4200
2014-03-26,15.113332748413086,15.241666793823242,15.113332748413086,15.143333435058594,14.436729431152344,4800
2014-03-27,15.085000038146973,15.273332595825195,15.011667251586914,15.021666526794434,14.320737838745115,164400
2014-03-28,15.033332824707031,15.083333015441896,15.028332710266112,15.041666984558104,14.339803695678713,15600
2014-03-31,15.06666660308838,15.100000381469728,15.03499984741211,15.088333129882812,14.384294509887695,5400
2014-04-01,15.333333015441896,15.333333015441896,15.033332824707031,15.06666660308838,14.363640785217283,43800
2014-04-02,15.148332595825195,15.18333339691162,15.050000190734863,15.18333339691162,14.474860191345217,75000
2014-04-03,15.446666717529297,15.446666717529297,15.34000015258789,15.350000381469728,14.633752822875977,4200
2014-04-04,15.418333053588867,15.611666679382324,15.416666984558104,15.600000381469728,14.872088432312012,13200
2014-04-07,15.798333168029783,15.798333168029783,15.101667404174805,15.116666793823242,14.411307334899902,16800
2014-04-08,15.166666984558104,15.166666984558104,15.166666984558104,15.166666984558104,14.458975791931152,1200
2014-04-09,15.164999961853027,15.270000457763672,15.133333206176758,15.158332824707031,14.451026916503906,6600
2014-04-10,15.011667251586914,15.011667251586914,14.916666984558104,14.916666984558104,14.220643043518066,8400
2014-04-11,15.108332633972168,15.108332633972168,15.096667289733888,15.096667289733888,14.392240524291992,2400
2014-04-14,15.033332824707031,15.033332824707031,14.979999542236328,14.979999542236328,14.281014442443848,6600
2014-04-15,14.891667366027832,14.891667366027832,14.69333267211914,14.755000114440918,14.066518783569336,9000
2014-04-16,14.765000343322754,15.170000076293944,14.756667137145996,15.170000076293944,14.462150573730469,4800
2014-04-17,14.921667098999023,14.921667098999023,14.803333282470703,14.803333282470703,14.112592697143556,4800
2014-04-21,14.864999771118164,14.983332633972168,14.853333473205566,14.853333473205566,14.160261154174805,6000
2014-04-22,14.853333473205566,14.853333473205566,14.824999809265137,14.824999809265137,14.133249282836914,5400
2014-04-23,14.994999885559082,15.704999923706056,14.994999885559082,15.704999923706056,14.972187042236328,17600
2014-04-24,15.984999656677246,15.984999656677246,15.55500030517578,15.645000457763672,14.91498851776123,30000
2014-04-25,15.744999885559082,15.875,15.69499969482422,15.824999809265137,15.086588859558104,9400
2014-04-28,16.43000030517578,16.43000030517578,15.899999618530272,16.125,15.37259006500244,23000
2014-04-29,16.235000610351562,16.235000610351562,15.864999771118164,15.949999809265137,15.205755233764648,15200
2014-04-30,16.229999542236328,16.2450008392334,15.949999809265137,16.2450008392334,15.48698902130127,4200
2014-05-01,16.1299991607666,16.149999618530273,15.925000190734863,16.145000457763672,15.391654014587402,13400
2014-05-02,16.149999618530273,16.149999618530273,16.06999969482422,16.06999969482422,15.32015609741211,5600
2014-05-05,16.06999969482422,16.084999084472656,15.90999984741211,16.075000762939453,15.324922561645508,6800
2014-05-06,16.075000762939453,16.075000762939453,15.75,15.80500030517578,15.06752109527588,15000
2014-05-07,15.880000114440918,15.899999618530272,15.550000190734863,15.604999542236328,14.87685489654541,11600
2014-05-08,15.765000343322754,15.789999961853027,15.5,15.5,14.776751518249512,8600
2014-05-09,15.645000457763672,15.645000457763672,15.529999732971191,15.574999809265137,14.848251342773438,5000
2014-05-12,15.5,15.5,15.369999885559082,15.5,14.776751518249512,16000
2014-05-13,15.5,15.5,15.46500015258789,15.46500015258789,14.74338436126709,4800
2014-05-14,15.425000190734863,15.425000190734863,15.380000114440918,15.414999961853027,14.695720672607422,7600
2014-05-15,15.350000381469728,15.395000457763672,15.114999771118164,15.395000457763672,14.676651000976562,5000
2014-05-16,15.170000076293944,15.425000190734863,15.135000228881836,15.324999809265137,14.609918594360352,3800
2014-05-20,15.364999771118164,15.484999656677246,15.229999542236328,15.25,14.538418769836426,6400
2014-05-21,15.149999618530272,15.149999618530272,15.020000457763672,15.145000457763672,14.438316345214844,3400
2014-05-22,15.020000457763672,15.149999618530272,15.020000457763672,15.149999618530272,14.44308376312256,2000
2014-05-23,15.404999732971191,15.404999732971191,15.050000190734863,15.199999809265137,14.49074935913086,10200
2014-05-26,15.31999969482422,15.31999969482422,15.175000190734863,15.175000190734863,14.466917991638184,600
2014-05-27,15.0,15.25,15.0,15.149999618530272,14.44308376312256,30400
2014-05-28,15.149999618530272,15.149999618530272,14.854999542236328,14.864999771118164,14.171382904052734,10800
2014-05-29,15.244999885559082,15.244999885559082,14.920000076293944,14.920000076293944,14.223817825317385,2600
2014-05-30,14.835000038146973,15.015000343322754,14.835000038146973,15.010000228881836,14.309616088867188,3600
2014-06-02,14.835000038146973,14.975000381469728,14.824999809265137,14.850000381469728,14.15708065032959,6000
2014-06-03,14.850000381469728,15.0,14.84000015258789,14.84000015258789,14.14754867553711,2000
2014-06-04,14.800000190734863,14.800000190734863,14.675000190734863,14.800000190734863,14.109416961669922,1000
2014-06-05,15.095000267028809,15.095000267028809,14.925000190734863,14.925000190734863,14.22858428955078,2200
2014-06-06,14.994999885559082,15.100000381469728,14.9399995803833,15.100000381469728,14.39541721343994,6400
2014-06-09,15.494999885559082,15.494999885559082,15.074999809265137,15.074999809265137,14.37158489227295,4600
2014-06-10,15.109999656677246,15.109999656677246,15.0,15.0,14.300081253051758,1400
2014-06-11,14.760000228881836,15.494999885559082,14.760000228881836,15.25,14.538418769836426,10000
2014-06-12,15.255000114440918,15.425000190734863,15.18000030517578,15.274999618530272,14.56225299835205,18800
2014-06-13,15.020000457763672,15.274999618530272,15.020000457763672,15.274999618530272,14.56225299835205,4800
2014-06-16,15.039999961853027,15.359999656677246,15.039999961853027,15.210000038146973,14.500287055969238,14200
2014-06-17,15.225000381469728,15.375,15.074999809265137,15.229999542236328,14.519349098205566,10600
2014-06-18,15.260000228881836,15.274999618530272,15.260000228881836,15.274999618530272,14.56225299835205,2000
2014-06-19,15.015000343322754,15.15999984741211,15.015000343322754,15.15999984741211,14.452616691589355,6600
2014-06-20,15.239999771118164,15.239999771118164,14.925000190734863,14.925000190734863,14.22858428955078,8400
2014-06-23,14.850000381469728,14.850000381469728,14.649999618530272,14.789999961853027,14.099882125854492,2800
2014-06-24,14.789999961853027,14.835000038146973,14.71500015258789,14.835000038146973,14.142781257629396,4400
2014-06-25,14.710000038146973,14.720000267028809,14.640000343322754,14.640000343322754,13.956881523132324,2000
2014-06-26,14.755000114440918,14.755000114440918,14.75,14.75,14.06174659729004,800
2014-06-27,14.854999542236328,14.854999542236328,14.55500030517578,14.649999618530272,13.96641445159912,7400
2014-06-30,14.755000114440918,14.760000228881836,14.649999618530272,14.760000228881836,14.071281433105469,3200
2014-07-02,14.925000190734863,14.925000190734863,14.65999984741211,14.850000381469728,14.15708065032959,3600
2014-07-03,14.885000228881836,14.885000228881836,14.710000038146973,14.710000038146973,14.023616790771484,2800
2014-07-04,14.710000038146973,14.710000038146973,14.710000038146973,14.710000038146973,14.023616790771484,0
2014-07-07,14.725000381469728,14.75,14.350000381469728,14.640000343322754,13.956881523132324,13400
2014-07-08,14.5,14.579999923706056,14.354999542236328,14.579999923706056,13.89968204498291,4600
2014-07-09,14.75,14.880000114440918,14.704999923706056,14.880000114440918,14.18568515777588,5000
2014-07-10,14.779999732971191,14.789999961853027,14.734999656677246,14.734999656677246,14.04745101928711,2600
2014-07-11,14.6899995803833,14.854999542236328,14.645000457763672,14.850000381469728,14.15708065032959,2800
2014-07-14,14.989999771118164,14.989999771118164,14.75,14.75,14.080710411071776,7400
2014-07-15,14.75,14.800000190734863,14.6899995803833,14.800000190734863,14.128446578979492,3000
2014-07-16,14.489999771118164,14.895000457763672,14.489999771118164,14.895000457763672,14.219131469726562,4600
2014-07-17,14.970000267028809,14.970000267028809,14.619999885559082,14.619999885559082,13.956613540649414,2200
2014-07-18,14.93000030517578,14.93000030517578,14.765000343322754,14.765000343322754,14.095030784606934,1200
2014-07-21,14.725000381469728,14.725000381469728,14.640000343322754,14.640000343322754,13.975703239440918,2000
2014-07-22,14.675000190734863,14.75,14.675000190734863,14.75,14.080710411071776,7600
2014-07-23,14.755000114440918,14.755000114440918,14.75,14.75,14.080710411071776,800
2014-07-24,14.720000267028809,14.864999771118164,14.720000267028809,14.81999969482422,14.147537231445312,8000
2014-07-25,14.864999771118164,15.135000228881836,14.864999771118164,15.135000228881836,14.44824504852295,15200
2014-07-28,15.050000190734863,15.050000190734863,14.875,14.875,14.200040817260742,3200
2014-07-29,14.904999732971191,14.93000030517578,14.850000381469728,14.93000030517578,14.252548217773438,2400
2014-07-30,14.989999771118164,15.199999809265137,14.989999771118164,15.125,14.438698768615724,5000
2014-07-31,15.149999618530272,15.149999618530272,14.890000343322754,15.149999618530272,14.462563514709473,5200
2014-08-01,15.010000228881836,15.25,15.010000228881836,15.210000038146973,14.519842147827148,1400
2014-08-05,15.210000038146973,15.369999885559082,15.210000038146973,15.274999618530272,14.58189296722412,2600
2014-08-06,15.369999885559082,15.449999809265137,15.324999809265137,15.4399995803833,14.739401817321776,2200
2014-08-07,15.380000114440918,15.404999732971191,15.125,15.125,14.438698768615724,7600
2014-08-08,15.109999656677246,15.109999656677246,14.880000114440918,14.899999618530272,14.22390842437744,9400
2014-08-11,14.875,15.074999809265137,14.875,15.029999732971191,14.348007202148438,3000
2014-08-12,15.125,15.130000114440918,14.904999732971191,15.029999732971191,14.348007202148438,3200
2014-08-13,14.954999923706056,14.954999923706056,14.954999923706056,14.954999923706056,14.276409149169922,1000
2014-08-14,15.119999885559082,15.125,15.09000015258789,15.104999542236328,14.419601440429688,3200
2014-08-15,15.104999542236328,15.4399995803833,15.104999542236328,15.4399995803833,14.739401817321776,1200
2014-08-18,15.5,15.5,15.5,15.5,14.796679496765137,400
2014-08-19,15.75,16.094999313354492,15.75,15.954999923706056,15.231034278869627,18600
2014-08-20,15.854999542236328,15.869999885559082,15.649999618530272,15.774999618530272,15.0592041015625,6600
2014-08-21,15.979999542236328,15.979999542236328,15.649999618530272,15.649999618530272,14.939873695373535,7400
2014-08-22,15.649999618530272,15.654999732971191,15.640000343322754,15.645000457763672,14.935103416442873,2800
2014-08-25,15.975000381469728,15.975000381469728,15.850000381469728,15.925000190734863,15.202397346496582,9000
2014-08-26,15.994999885559082,16.139999389648438,15.994999885559082,16.125,15.393321990966797,13800
2014-08-27,16.139999389648438,16.2549991607666,16.139999389648438,16.25,15.512652397155762,4200
2014-08-28,16.469999313354492,16.639999389648438,16.469999313354492,16.53499984741211,15.784717559814451,6600
2014-08-29,16.510000228881836,16.510000228881836,16.350000381469727,16.375,15.631977081298828,5600
2014-09-02,16.530000686645508,16.739999771118164,16.399999618530273,16.709999084472656,15.951776504516602,4400
2014-09-03,16.809999465942383,17.760000228881836,16.809999465942383,17.760000228881836,16.954133987426758,72400
2014-09-04,17.9950008392334,18.799999237060547,17.9950008392334,18.5,17.660554885864258,15000
2014-09-05,18.61000061035156,18.61000061035156,18.280000686645508,18.46999931335449,17.631912231445312,6200
2014-09-08,18.864999771118164,18.864999771118164,18.48500061035156,18.674999237060547,17.827617645263672,4000
2014-09-09,19.43000030517578,19.43000030517578,18.575000762939453,18.575000762939453,17.732152938842773,11400
2014-09-10,18.6200008392334,18.6200008392334,18.024999618530277,18.100000381469727,17.299657821655273,6800
2014-09-11,18.07999992370605,18.334999084472656,18.07999992370605,18.274999618530277,17.4669189453125,5400
2014-09-12,18.274999618530277,18.51000022888184,18.25,18.424999237060547,17.61029052734375,3000
2014-09-15,18.375,18.375,18.075000762939453,18.1200008392334,17.318775177001953,4200
2014-09-16,18.1200008392334,18.475000381469727,18.1200008392334,18.475000381469727,17.658079147338867,600
2014-09-17,18.26499938964844,18.26499938964844,17.899999618530273,17.899999618530273,17.108501434326172,4800
2014-09-18,17.864999771118164,17.864999771118164,17.625,17.639999389648438,16.859996795654297,2200
2014-09-19,17.725000381469727,17.725000381469727,17.05500030517578,17.100000381469727,16.3438777923584,18000
2014-09-22,17.219999313354492,17.475000381469727,17.219999313354492,17.469999313354492,16.697519302368164,38200
2014-09-23,17.4950008392334,17.96500015258789,17.4950008392334,17.950000762939453,17.156288146972656,13200
2014-09-24,17.975000381469727,18.020000457763672,17.760000228881836,17.809999465942383,17.02248191833496,8000
2014-09-25,17.885000228881836,17.969999313354492,17.75,17.75,16.965137481689453,3600
2014-09-26,17.450000762939453,17.975000381469727,17.450000762939453,17.674999237060547,16.893449783325195,6800
2014-09-29,17.674999237060547,18.020000457763672,17.575000762939453,18.0,17.20407485961914,7600
2014-09-30,18.145000457763672,18.299999237060547,17.78499984741211,18.25,17.443023681640625,12400
2014-10-01,18.149999618530277,18.149999618530277,18.05500030517578,18.06999969482422,17.27098274230957,4600
2014-10-02,18.34000015258789,18.34000015258789,17.725000381469727,17.825000762939453,17.036819458007812,8000
2014-10-03,18.0,18.075000762939453,17.975000381469727,18.075000762939453,17.27577018737793,2600
2014-10-06,18.489999771118164,18.489999771118164,17.905000686645508,17.975000381469727,17.180185317993164,6200
2014-10-07,18.274999618530277,18.274999618530277,17.799999237060547,17.799999237060547,17.012928009033203,1800
2014-10-08,17.764999389648438,18.225000381469727,17.764999389648438,18.225000381469727,17.41913414001465,3400
2014-10-09,18.23500061035156,18.23500061035156,18.100000381469727,18.100000381469727,17.299657821655273,2200
2014-10-10,17.864999771118164,18.049999237060547,17.864999771118164,17.875,17.08460807800293,4400
2014-10-14,17.545000076293945,17.795000076293945,17.424999237060547,17.424999237060547,16.654504776000977,10600
2014-10-15,17.200000762939453,17.729999542236328,17.100000381469727,17.299999237060547,16.5350341796875,9200
2014-10-16,17.0,17.75,16.334999084472656,17.75,16.965137481689453,12400
2014-10-17,18.1200008392334,18.350000381469727,18.100000381469727,18.100000381469727,17.299657821655273,3200
2014-10-20,18.024999618530277,18.2549991607666,17.94499969482422,18.1299991607666,17.328332901000977,8600
2014-10-21,18.32999992370605,18.940000534057617,18.32999992370605,18.809999465942383,17.9782657623291,9600
2014-10-22,18.75,18.75,18.2450008392334,18.25,17.443023681640625,8200
2014-10-23,18.69499969482422,18.7450008392334,18.25,18.700000762939453,17.873130798339844,13600
2014-10-24,18.71999931335449,19.190000534057617,18.71999931335449,19.174999237060547,18.327123641967773,6000
2014-10-27,19.34499931335449,19.34499931335449,19.0,19.0,18.15986633300781,5800
2014-10-28,19.34499931335449,19.34499931335449,19.225000381469727,19.225000381469727,18.37491607666016,1600
2014-10-29,19.25,19.25,19.0,19.100000381469727,18.25543975830078,11400
2014-10-30,19.274999618530277,19.309999465942383,19.25,19.299999237060547,18.44660186767578,4200
2014-10-31,19.645000457763672,19.799999237060547,19.604999542236328,19.625,18.757232666015625,4200
2014-11-03,20.01499938964844,20.01499938964844,19.399999618530277,19.424999237060547,18.56607437133789,10200
2014-11-04,19.475000381469727,19.799999237060547,19.424999237060547,19.774999618530277,18.900596618652344,6000
2014-11-05,20.104999542236328,20.104999542236328,19.7549991607666,19.895000457763672,19.01529312133789,6800
2014-11-06,20.280000686645508,20.280000686645508,19.9950008392334,20.040000915527344,19.15387725830078,5800
2014-11-07,20.125,20.25,19.75,19.75,18.87670516967773,8800
2014-11-10,19.59000015258789,20.26499938964844,19.59000015258789,20.0,19.115642547607425,17800
2014-11-11,19.875,20.19499969482422,19.84499931335449,19.8700008392334,18.991395950317383,2400
2014-11-12,20.100000381469727,20.1299991607666,19.950000762939453,19.96999931335449,19.08696746826172,7200
2014-11-13,20.295000076293945,20.545000076293945,20.295000076293945,20.424999237060547,19.521852493286133,9200
2014-11-14,20.59000015258789,20.770000457763672,20.424999237060547,20.739999771118164,19.822933197021484,4400
2014-11-17,20.815000534057617,21.1299991607666,20.375,20.375,19.47406005859375,14000
2014-11-18,20.53499984741211,20.95499992370605,20.53499984741211,20.600000381469727,19.689119338989254,5400
2014-11-19,20.9950008392334,21.1299991607666,20.9950008392334,21.1299991607666,20.1956787109375,2200
2014-11-20,21.5,21.5,20.565000534057617,20.649999618530277,19.73690414428711,14800
2014-11-21,21.274999618530277,21.274999618530277,20.0,20.06999969482422,19.18254852294922,12200
2014-11-24,20.020000457763672,20.549999237060547,20.0,20.0,19.115642547607425,11400
2014-11-25,20.15999984741211,20.489999771118164,19.780000686645508,20.36000061035156,19.4597282409668,11600
2014-11-26,20.575000762939453,20.575000762939453,19.975000381469727,20.450000762939453,19.54574584960937,8600
2014-11-27,20.790000915527344,20.790000915527344,20.450000762939453,20.524999618530277,19.61742782592773,3800
2014-11-28,20.94499969482422,21.25,20.549999237060547,20.700000762939453,19.784690856933597,11600
2014-12-01,20.950000762939453,21.09000015258789,20.71500015258789,20.850000381469727,19.928062438964844,10200
2014-12-02,21.48500061035156,21.48500061035156,21.2450008392334,21.395000457763672,20.47105598449707,5600
2014-12-03,21.48500061035156,21.48500061035156,20.774999618530277,20.950000762939453,20.04527282714844,3200
2014-12-04,21.23500061035156,21.23500061035156,20.520000457763672,20.75,19.85390853881836,4200
2014-12-05,21.084999084472656,21.114999771118164,20.75,21.114999771118164,20.20314216613769,5000
2014-12-08,21.1200008392334,21.1200008392334,20.3799991607666,20.3799991607666,19.499887466430664,13800
2014-12-09,21.075000762939453,21.09000015258789,20.75,20.989999771118164,20.08354759216309,11200
2014-12-10,21.024999618530277,21.065000534057617,20.690000534057617,21.024999618530277,20.11703109741211,14200
2014-12-11,21.125,21.420000076293945,21.125,21.290000915527344,20.370588302612305,7600
2014-12-12,21.28499984741211,21.290000915527344,21.25,21.290000915527344,20.370588302612305,2200
2014-12-15,21.290000915527344,21.9950008392334,21.290000915527344,21.950000762939453,21.00208282470703,6600
2014-12-16,21.75,22.350000381469727,21.75,22.200000762939453,21.241291046142575,6800
2014-12-17,22.190000534057617,22.450000762939453,21.989999771118164,22.280000686645508,21.317832946777344,5000
2014-12-18,23.104999542236328,23.795000076293945,22.7549991607666,23.795000076293945,22.767410278320312,23200
2014-12-19,25.48500061035156,25.48500061035156,23.75,23.774999618530277,22.74827766418457,16000
2014-12-22,24.82999992370605,24.82999992370605,24.0,24.084999084472656,23.044885635375977,7800
2014-12-23,24.63999938964844,24.649999618530277,24.274999618530277,24.450000762939453,23.394123077392575,11400
2014-12-24,24.98500061035156,24.98500061035156,24.76000022888184,24.799999237060547,23.7290096282959,3200
2014-12-29,24.799999237060547,24.799999237060547,24.3799991607666,24.774999618530277,23.705087661743164,7800
2014-12-30,24.940000534057617,24.940000534057617,24.20499992370605,24.51000022888184,23.45152473449707,5400
2014-12-31,24.51000022888184,25.1200008392334,24.51000022888184,25.1200008392334,24.035192489624023,4800
2015-01-02,25.1200008392334,25.1200008392334,24.565000534057617,24.84000015258789,23.767284393310547,4400
2015-01-05,24.75,24.75,24.059999465942383,24.100000381469727,23.05924224853516,10000
2015-01-06,24.100000381469727,24.100000381469727,22.684999465942383,22.950000762939453,21.95890045166016,34000
2015-01-07,23.270000457763672,23.809999465942383,23.270000457763672,23.540000915527344,22.523418426513672,8000
2015-01-08,23.729999542236328,23.729999542236328,23.145000457763672,23.25,22.24595069885254,3600
2015-01-09,23.4950008392334,23.53499984741211,23.25,23.26499938964844,22.26029396057129,7000
2015-01-12,22.905000686645508,23.225000381469727,22.489999771118164,23.225000381469727,22.22202682495117,8200
2015-01-13,23.834999084472656,23.834999084472656,23.549999237060547,23.690000534057617,22.66694641113281,5400
2015-01-14,23.28499984741211,23.375,23.13999938964844,23.13999938964844,22.14069557189941,4400
2015-01-15,23.059999465942383,23.280000686645508,23.0,23.270000457763672,22.265085220336918,8200
2015-01-16,23.274999618530277,23.290000915527344,22.950000762939453,23.0049991607666,22.01152610778809,8200
2015-01-19,23.989999771118164,23.989999771118164,22.75,22.815000534057617,21.82973289489746,5000
2015-01-20,23.38500022888184,23.38500022888184,22.78499984741211,23.045000076293945,22.04979705810547,4600
2015-01-21,23.11000061035156,23.5,23.0,23.395000457763672,22.38468360900879,3200
2015-01-22,23.98500061035156,24.09000015258789,23.5,23.950000762939453,22.91571807861328,12800
2015-01-23,24.38999938964844,24.38999938964844,24.0,24.165000915527344,23.121437072753903,12000
2015-01-26,24.614999771118164,24.614999771118164,24.0,24.0049991607666,22.96834373474121,7400
2015-01-27,23.51000022888184,23.959999084472656,23.51000022888184,23.88500022888184,22.8535270690918,21200
2015-01-28,23.75,24.545000076293945,23.75,24.489999771118164,23.432395935058597,14600
2015-01-29,24.549999237060547,24.7549991607666,24.46500015258789,24.75,23.68117332458496,36800
2015-01-30,24.76499938964844,25.375,24.665000915527344,25.325000762939453,24.23133850097656,24400
2015-02-02,25.375,25.48500061035156,24.75,25.48500061035156,24.384429931640625,9600
2015-02-03,25.51000022888184,26.5,24.174999237060547,24.25,23.20276260375977,20600
2015-02-04,24.600000381469727,24.95499992370605,24.415000915527344,24.440000534057617,23.38455581665039,4600
2015-02-05,24.55500030517578,24.73500061035156,24.024999618530277,24.065000534057617,23.025745391845703,6000
2015-02-06,24.364999771118164,24.565000534057617,23.440000534057617,23.530000686645508,22.51385498046875,13600
2015-02-09,24.364999771118164,24.565000534057617,23.549999237060547,23.549999237060547,22.532989501953125,10600
2015-02-10,23.834999084472656,24.2450008392334,23.809999465942383,24.2450008392334,23.19797706604004,4200
2015-02-11,24.559999465942383,24.559999465942383,24.46500015258789,24.46500015258789,23.408472061157227,2600
2015-02-12,24.4950008392334,24.834999084472656,24.4950008392334,24.625,23.561567306518555,6800
2015-02-13,24.450000762939453,24.600000381469727,24.0,24.0,22.963558197021484,7600
2015-02-17,24.19499969482422,24.7450008392334,24.19499969482422,24.600000381469727,23.53764533996582,4400
2015-02-18,24.94499969482422,24.94499969482422,24.13999938964844,24.32999992370605,23.27930450439453,6400
2015-02-19,24.475000381469727,24.475000381469727,24.114999771118164,24.32999992370605,23.27930450439453,3200
2015-02-20,24.25,24.334999084472656,24.25,24.32999992370605,23.27930450439453,1000
2015-02-23,24.375,24.75,24.21500015258789,24.21500015258789,23.169269561767575,10800
2015-02-24,24.13500022888184,24.86000061035156,24.13500022888184,24.86000061035156,23.78641700744629,3000
2015-02-25,24.86000061035156,24.86000061035156,24.86000061035156,24.86000061035156,23.78641700744629,1200
2015-02-26,24.850000381469727,24.850000381469727,24.51499938964844,24.665000915527344,23.599836349487305,8800
2015-02-27,24.665000915527344,24.975000381469727,24.625,24.850000381469727,23.776853561401367,22000
2015-03-02,24.959999084472656,25.075000762939453,24.614999771118164,24.645000457763672,23.58070373535156,10400
2015-03-03,24.549999237060547,24.549999237060547,24.020000457763672,24.024999618530277,22.987478256225582,8200
2015-03-04,24.364999771118164,24.364999771118164,24.23500061035156,24.23500061035156,23.18840789794922,1000
2015-03-05,24.825000762939453,24.825000762939453,24.395000457763672,24.395000457763672,23.341501235961918,3800
2015-03-06,24.780000686645508,24.780000686645508,24.125,24.125,23.083160400390625,6800
2015-03-09,24.25,24.25,23.915000915527344,24.09499931335449,23.0544490814209,11200
2015-03-10,24.434999465942383,24.434999465942383,23.76000022888184,23.76499938964844,22.738704681396484,5400
2015-03-11,23.940000534057617,24.125,23.799999237060547,23.799999237060547,22.772193908691406,5800
2015-03-12,23.989999771118164,24.104999542236328,23.915000915527344,24.09000015258789,23.04966926574707,3200
2015-03-13,23.915000915527344,24.049999237060547,23.8799991607666,24.045000076293945,23.006614685058597,4000
2015-03-16,24.184999465942383,24.94499969482422,24.184999465942383,24.725000381469727,23.65724754333496,11200
2015-03-17,24.200000762939453,25.334999084472656,24.040000915527344,25.32999992370605,24.236120223999023,24800
2015-03-18,25.78499984741211,25.850000381469727,25.315000534057617,25.774999618530277,24.66189956665039,10200
2015-03-19,25.9950008392334,25.9950008392334,25.0,25.0,23.920373916625977,13400
2015-03-20,25.239999771118164,25.6299991607666,24.774999618530277,25.5,24.398775100708008,7200
2015-03-23,25.78499984741211,25.78499984741211,24.8700008392334,25.475000381469727,24.37485885620117,11600
2015-03-24,25.1200008392334,26.23500061035156,25.1200008392334,26.23500061035156,25.124229431152344,5600
2015-03-25,26.225000381469727,26.350000381469727,25.915000915527344,25.915000915527344,24.81777572631836,5400
2015-03-26,26.0,26.0,25.30500030517578,25.450000762939453,24.37246322631836,6400
2015-03-27,25.44499969482422,25.834999084472656,25.44499969482422,25.82999992370605,24.736377716064453,8000
2015-03-30,25.875,26.100000381469727,25.875,26.049999237060547,24.947059631347656,8200
2015-03-31,25.920000076293945,25.950000762939453,25.850000381469727,25.950000762939453,24.851299285888672,6200
2015-04-01,25.9950008392334,25.9950008392334,25.780000686645508,25.940000534057617,24.841720581054688,5800
2015-04-02,25.90999984741211,26.209999084472656,25.90999984741211,26.01499938964844,24.913543701171875,3600
2015-04-06,26.01499938964844,26.01499938964844,25.59499931335449,25.59499931335449,24.511323928833008,4600
2015-04-07,25.700000762939453,26.0,25.700000762939453,26.0,24.89918327331543,3800
2015-04-08,26.049999237060547,26.049999237060547,26.01000022888184,26.049999237060547,24.947059631347656,1600
2015-04-09,26.155000686645508,26.3799991607666,25.80500030517578,25.80500030517578,24.712440490722656,3800
2015-04-10,25.75,25.75,25.5,25.5,24.42034721374512,1800
2015-04-13,25.5,25.979999542236328,25.5,25.975000381469727,24.8752384185791,2600
2015-04-14,25.979999542236328,26.114999771118164,25.979999542236328,26.114999771118164,25.00931167602539,1200
2015-04-15,25.795000076293945,25.795000076293945,25.649999618530277,25.649999618530277,24.563989639282227,1000
2015-04-16,25.5,25.5,25.0,25.09499931335449,24.032489776611328,7800
2015-04-17,25.34499931335449,25.34499931335449,24.665000915527344,24.665000915527344,23.62069702148437,5000
2015-04-20,25.21500015258789,25.21500015258789,24.350000381469727,24.350000381469727,23.31903648376465,10600
2015-04-21,24.3700008392334,24.700000762939453,24.299999237060547,24.299999237060547,23.27115249633789,5200
2015-04-22,24.959999084472656,24.959999084472656,24.489999771118164,24.489999771118164,23.453109741210938,5200
2015-04-23,24.489999771118164,24.489999771118164,24.489999771118164,24.489999771118164,23.453109741210938,0
2015-04-24,24.5,24.649999618530277,24.5,24.5,23.46268653869629,3800
2015-04-27,24.5049991607666,24.815000534057617,24.5049991607666,24.540000915527344,23.500995635986328,2200
2015-04-28,24.415000915527344,24.899999618530277,24.415000915527344,24.899999618530277,23.845748901367188,4600
2015-04-29,24.63500022888184,25.0,24.5,24.71999931335449,23.67337226867676,2600
2015-04-30,24.405000686645508,24.405000686645508,23.450000762939453,23.46999931335449,22.476293563842773,8600
2015-05-01,23.375,23.700000762939453,23.125,23.125,22.14590072631836,10600
2015-05-04,23.51499938964844,24.34499931335449,23.51499938964844,24.040000915527344,23.022165298461918,10000
2015-05-05,24.395000457763672,24.395000457763672,23.0,23.5,22.505023956298828,8200
2015-05-06,23.9950008392334,23.9950008392334,22.8799991607666,23.25,22.26561546325684,12600
2015-05-07,22.94499969482422,23.2549991607666,22.924999237060547,23.075000762939453,22.098018646240234,8200
2015-05-08,23.46999931335449,23.46999931335449,23.459999084472656,23.459999084472656,22.466716766357425,2000
2015-05-11,23.5,23.655000686645508,23.489999771118164,23.655000686645508,22.653461456298828,1400
2015-05-12,23.575000762939453,23.575000762939453,23.575000762939453,23.575000762939453,22.576852798461918,1200
2015-05-13,23.3799991607666,23.459999084472656,22.56999969482422,23.040000915527344,22.06450462341309,7200
2015-05-14,22.76499938964844,23.625,22.76499938964844,23.61000061035156,22.61037254333496,2400
2015-05-15,23.84000015258789,24.200000762939453,23.604999542236328,24.190000534057617,23.16581344604492,3600
2015-05-19,24.0049991607666,24.174999237060547,24.0,24.114999771118164,23.09399032592773,1600
2015-05-20,24.145000457763672,24.145000457763672,23.815000534057617,23.854999542236328,22.84499168395996,3800
2015-05-21,24.274999618530277,24.28499984741211,24.07999992370605,24.07999992370605,23.06047248840332,2000
2015-05-22,23.01000022888184,24.26499938964844,23.01000022888184,24.075000762939453,23.05568122863769,3200
2015-05-25,24.100000381469727,24.100000381469727,24.05500030517578,24.05500030517578,23.036527633666992,800
2015-05-26,23.940000534057617,23.940000534057617,23.68000030517578,23.68000030517578,22.677400588989254,2000
2015-05-27,23.61000061035156,24.100000381469727,23.61000061035156,24.09499931335449,23.07483291625977,3200
2015-05-28,24.0,24.5,23.989999771118164,24.5,23.46268653869629,5800
2015-05-29,24.5,24.5,24.274999618530277,24.34000015258789,23.30946159362793,2200
2015-06-01,24.20499992370605,24.459999084472656,24.200000762939453,24.459999084472656,23.424379348754883,2800
2015-06-02,24.459999084472656,24.700000762939453,24.459999084472656,24.700000762939453,23.654216766357425,5400
2015-06-03,24.81999969482422,25.459999084472656,24.81999969482422,25.34000015258789,24.26712417602539,3400
2015-06-04,25.434999465942383,25.434999465942383,25.0,25.01499938964844,23.95587921142578,2800
2015-06-05,25.44499969482422,25.44499969482422,25.334999084472656,25.334999084472656,24.2623348236084,4400
2015-06-08,25.19499969482422,25.200000762939453,25.19499969482422,25.200000762939453,24.13304901123047,800
2015-06-09,25.375,25.63500022888184,25.375,25.63500022888184,24.549633026123047,5600
2015-06-10,25.520000457763672,26.299999237060547,25.520000457763672,26.045000076293945,24.942270278930664,5000
2015-06-11,26.38500022888184,26.38500022888184,25.799999237060547,26.049999237060547,24.947059631347656,4600
2015-06-12,26.0,26.36000061035156,26.0,26.2450008392334,25.1338005065918,9600
2015-06-15,26.190000534057617,26.98500061035156,26.06999969482422,26.899999618530277,25.761070251464844,6600
2015-06-16,26.7450008392334,27.084999084472656,26.45499992370605,26.959999084472656,25.81852912902832,9800
2015-06-17,26.959999084472656,27.174999237060547,26.809999465942383,26.809999465942383,25.674882888793945,11400
2015-06-18,26.649999618530277,26.84499931335449,26.649999618530277,26.84499931335449,25.708398818969727,3800
2015-06-19,26.82999992370605,27.125,26.82999992370605,27.125,25.976547241210938,2800
2015-06-22,26.78499984741211,27.0,26.725000381469727,26.9950008392334,25.85205078125,5400
2015-06-23,26.950000762939453,27.040000915527344,26.8799991607666,26.975000381469727,25.83289909362793,5200
2015-06-24,27.15999984741211,27.170000076293945,27.15999984741211,27.170000076293945,26.01964569091797,800
2015-06-25,27.25,27.31999969482422,27.25,27.31999969482422,26.163291931152344,800
2015-06-26,27.34000015258789,27.440000534057617,27.19499969482422,27.434999465942383,26.27342414855957,4000
2015-06-29,27.459999084472656,27.459999084472656,26.71500015258789,26.875,25.73713111877441,4600
2015-06-30,26.850000381469727,27.07999992370605,26.850000381469727,27.059999465942383,25.9143009185791,2600
2015-07-02,27.5,27.5,26.5,26.950000762939453,25.8089599609375,8400
2015-07-03,26.950000762939453,27.290000915527344,26.950000762939453,27.0,25.85683822631836,3000
2015-07-06,26.88500022888184,27.299999237060547,26.88500022888184,27.225000381469727,26.07231903076172,3200
2015-07-07,27.225000381469727,27.299999237060547,27.225000381469727,27.28499984741211,26.129770278930664,1200
2015-07-08,27.2450008392334,27.2450008392334,27.020000457763672,27.020000457763672,25.875991821289062,3000
2015-07-09,26.86000061035156,27.20499992370605,26.489999771118164,26.584999084472656,25.45940589904785,3200
2015-07-10,26.86000061035156,26.86000061035156,26.684999465942383,26.684999465942383,25.55517196655273,1400
2015-07-13,26.875,27.174999237060547,26.875,27.125,25.976547241210938,3000
2015-07-14,27.25,27.70499992370605,26.63500022888184,27.70499992370605,26.5319881439209,7800
2015-07-15,27.700000762939453,28.815000534057617,27.700000762939453,28.815000534057617,27.594995498657227,10800
2015-07-16,28.76000022888184,29.209999084472656,28.76000022888184,28.959999084472656,27.73385238647461,4800
2015-07-17,28.959999084472656,29.25,28.875,29.2450008392334,28.00679016113281,5800
2015-07-20,29.53499984741211,29.739999771118164,28.9950008392334,29.09499931335449,27.86314010620117,6800
2015-07-21,29.1299991607666,29.1299991607666,28.895000457763672,29.0049991607666,27.803224563598636,1800
2015-07-22,29.024999618530277,29.20499992370605,28.96999931335449,29.100000381469727,27.8942928314209,12000
2015-07-23,29.270000457763672,29.270000457763672,28.920000076293945,29.1200008392334,27.91345977783203,5600
2015-07-24,29.280000686645508,29.424999237060547,29.13999938964844,29.424999237060547,28.2058219909668,7200
2015-07-27,29.375,29.540000915527344,29.06999969482422,29.06999969482422,27.86553192138672,8000
2015-07-28,28.98500061035156,29.38500022888184,28.934999465942383,29.38500022888184,28.167482376098636,4600
2015-07-29,29.479999542236328,29.479999542236328,29.475000381469727,29.475000381469727,28.253751754760746,1000
2015-07-30,29.63500022888184,29.825000762939453,29.399999618530277,29.825000762939453,28.589252471923828,2200
2015-07-31,30.170000076293945,30.170000076293945,29.315000534057617,29.315000534057617,28.10038375854492,4200
2015-08-04,29.68000030517578,30.5049991607666,29.68000030517578,30.209999084472656,28.95829963684082,3400
2015-08-05,30.4950008392334,30.670000076293945,30.46999931335449,30.549999237060547,29.28421211242676,6400
2015-08-06,30.959999084472656,30.959999084472656,30.424999237060547,30.424999237060547,29.16438865661621,3800
2015-08-07,30.0049991607666,30.049999237060547,29.63500022888184,30.049999237060547,28.80492782592773,2400
2015-08-10,30.565000534057617,30.565000534057617,29.875,29.8799991607666,28.6419677734375,8400
2015-08-11,29.8700008392334,30.0,29.8700008392334,30.0,28.756999969482425,2200
2015-08-12,29.815000534057617,29.815000534057617,29.165000915527344,29.48500061035156,28.263336181640625,7400
2015-08-13,29.5049991607666,29.875,29.5049991607666,29.875,28.637178421020508,600
2015-08-14,29.674999237060547,30.21999931335449,29.674999237060547,29.975000381469727,28.7330322265625,8400
2015-08-17,29.975000381469727,30.059999465942383,29.71999931335449,30.059999465942383,28.814512252807617,9800
2015-08-18,30.059999465942383,30.30500030517578,30.0,30.299999237060547,29.04457092285156,1800
2015-08-19,30.489999771118164,30.489999771118164,29.799999237060547,29.799999237060547,28.565282821655277,7600
2015-08-20,29.524999618530277,29.614999771118164,29.26499938964844,29.5,28.27771377563477,6200
2015-08-21,28.739999771118164,29.0,27.530000686645508,27.774999618530277,26.624191284179688,17200
2015-08-24,23.0,28.530000686645508,23.0,27.125,26.001121520996094,34600
2015-08-25,27.770000457763672,29.23500061035156,27.71500015258789,27.71500015258789,26.566675186157227,15000
2015-08-26,27.71999931335449,28.645000457763672,27.6299991607666,28.645000457763672,27.458141326904297,5800
2015-08-27,29.0049991607666,29.549999237060547,28.674999237060547,28.674999237060547,27.48689842224121,8400
2015-08-28,28.924999237060547,28.924999237060547,28.575000762939453,28.774999618530277,27.58275604248047,6800
2015-08-31,28.924999237060547,29.1200008392334,28.125,28.165000915527344,26.998029708862305,10000
2015-09-01,28.165000915527344,29.075000762939453,28.125,28.950000762939453,27.750507354736328,5600
2015-09-02,29.174999237060547,30.19499969482422,29.174999237060547,30.13500022888184,28.88640594482422,10800
2015-09-03,30.049999237060547,30.600000381469727,30.049999237060547,30.600000381469727,29.33213996887207,14600
2015-09-04,30.59499931335449,30.625,30.03499984741211,30.13500022888184,28.88640594482422,2600
2015-09-08,30.15999984741211,31.0,30.15999984741211,31.0,29.71556282043457,4000
2015-09-09,31.0,31.0,30.75,30.75,29.50209617614746,2400
2015-09-10,30.145000457763672,30.549999237060547,30.145000457763672,30.549999237060547,29.31021499633789,1600
2015-09-11,30.940000534057617,30.940000534057617,30.290000915527344,30.450000762939453,29.214269638061523,6000
2015-09-14,29.850000381469727,30.424999237060547,29.850000381469727,30.26499938964844,29.036779403686523,5000
2015-09-15,30.125,30.420000076293945,30.125,30.209999084472656,28.98401260375977,5200
2015-09-16,30.375,30.7450008392334,30.375,30.575000762939453,29.33420753479004,4400
2015-09-17,30.649999618530277,30.649999618530277,30.184999465942383,30.184999465942383,28.96003150939941,1200
2015-09-18,30.5,30.69499969482422,30.5,30.69499969482422,29.44932556152344,1000
2015-09-21,30.024999618530277,31.739999771118164,30.024999618530277,31.46999931335449,30.192874908447266,7400
2015-09-22,31.25,31.309999465942383,30.875,30.8799991607666,29.626819610595703,4200
2015-09-23,31.045000076293945,31.15999984741211,31.045000076293945,31.15999984741211,29.89546012878418,1600
2015-09-24,30.690000534057617,31.0049991607666,30.575000762939453,30.84000015258789,29.58844566345215,4000
2015-09-25,31.049999237060547,31.420000076293945,30.95499992370605,31.125,29.86188125610352,2400
2015-09-28,31.424999237060547,31.424999237060547,30.75,30.75,29.50209617614746,2400
2015-09-29,31.03499984741211,31.049999237060547,30.350000381469727,30.350000381469727,29.11833000183105,34600
2015-09-30,30.584999084472656,31.09499931335449,30.584999084472656,31.09499931335449,29.83309555053711,3400
2015-10-01,31.01000022888184,31.01499938964844,30.584999084472656,30.674999237060547,29.430137634277344,2400
2015-10-02,30.674999237060547,30.7450008392334,30.625,30.7450008392334,29.497295379638672,1000
2015-10-05,30.9950008392334,31.854999542236328,30.989999771118164,31.674999237060547,30.389556884765625,29200
2015-10-06,31.75,31.75,30.950000762939453,30.950000762939453,29.693981170654297,16200
2015-10-07,31.479999542236328,31.479999542236328,31.170000076293945,31.170000076293945,29.905054092407227,2000
2015-10-08,30.905000686645508,30.950000762939453,30.850000381469727,30.950000762939453,29.693981170654297,2000
2015-10-09,30.71999931335449,30.71999931335449,30.375,30.420000076293945,29.185487747192383,6200
2015-10-13,30.88999938964844,31.209999084472656,30.850000381469727,31.174999237060547,29.909847259521484,2800
2015-10-14,30.864999771118164,30.864999771118164,30.549999237060547,30.565000534057617,29.324604034423828,8400
2015-10-15,30.864999771118164,30.864999771118164,30.459999084472656,30.51499938964844,29.27663230895996,2600
2015-10-16,30.424999237060547,30.69499969482422,30.424999237060547,30.59000015258789,29.34858703613281,1600
2015-10-19,30.489999771118164,30.75,30.459999084472656,30.584999084472656,29.343786239624023,4600
2015-10-20,30.88500022888184,31.2450008392334,30.88500022888184,31.2450008392334,29.97700881958008,1800
2015-10-21,31.2549991607666,31.295000076293945,31.0,31.0,29.741943359375,2200
2015-10-22,31.155000686645508,31.26499938964844,31.145000457763672,31.209999084472656,29.94342803955078,3400
2015-10-23,30.920000076293945,31.15999984741211,30.920000076293945,31.084999084472656,29.8234977722168,1800
2015-10-26,31.2450008392334,31.2450008392334,30.82999992370605,30.82999992370605,29.57884788513184,7600
2015-10-27,30.989999771118164,30.989999771118164,29.7450008392334,29.75,28.54267883300781,8200
2015-10-28,30.184999465942383,30.184999465942383,28.5,29.274999618530277,28.08695602416992,16400
2015-10-29,29.895000457763672,29.895000457763672,28.815000534057617,28.895000457763672,27.722375869750977,13000
2015-10-30,29.55500030517578,29.55500030517578,28.7549991607666,28.7549991607666,27.58805656433105,13400
2015-11-02,28.5049991607666,28.86000061035156,28.4950008392334,28.55500030517578,27.396169662475582,9400
2015-11-03,28.549999237060547,29.88999938964844,28.549999237060547,29.489999771118164,28.293231964111328,14400
2015-11-04,29.684999465942383,30.434999465942383,29.684999465942383,30.434999465942383,29.19988250732422,4000
2015-11-05,30.4950008392334,30.56999969482422,30.295000076293945,30.56999969482422,29.32940101623535,4000
2015-11-06,30.69499969482422,30.69499969482422,30.040000915527344,30.114999771118164,28.89286231994629,3200
2015-11-09,30.145000457763672,30.145000457763672,30.145000457763672,30.145000457763672,28.9216423034668,600
2015-11-10,30.415000915527344,30.415000915527344,29.825000762939453,29.82999992370605,28.619434356689453,1400
2015-11-11,30.45499992370605,30.45499992370605,30.040000915527344,30.040000915527344,28.820913314819336,600
2015-11-12,30.36000061035156,30.36000061035156,29.28499984741211,29.28499984741211,28.096548080444336,5200
2015-11-13,28.950000762939453,29.0,28.6200008392334,28.70499992370605,27.54008674621582,8200
2015-11-16,28.649999618530277,30.0,28.649999618530277,30.0,28.782529830932617,7200
2015-11-17,30.399999618530277,30.399999618530277,29.649999618530277,29.924999237060547,28.7105770111084,6400
2015-11-18,30.145000457763672,30.459999084472656,30.05500030517578,30.190000534057617,28.96482276916504,2200
2015-11-19,30.2450008392334,30.700000762939453,30.2450008392334,30.5049991607666,29.267038345336918,19200
2015-11-20,30.71999931335449,30.959999084472656,30.530000686645508,30.614999771118164,29.37257575988769,3600
2015-11-23,30.95499992370605,31.21500015258789,30.625,30.739999771118164,29.49250221252441,7000
2015-11-24,31.0049991607666,31.950000762939453,31.0049991607666,31.274999618530277,30.00579261779785,6600
2015-11-25,31.32999992370605,31.93000030517578,31.325000762939453,31.5,30.221660614013672,10200
2015-11-26,31.69499969482422,31.700000762939453,31.69499969482422,31.700000762939453,30.413545608520508,2200
2015-11-27,31.96500015258789,31.96500015258789,31.5,31.5,30.221660614013672,2000
2015-11-30,31.739999771118164,31.739999771118164,30.690000534057617,31.05500030517578,29.794715881347656,6000
2015-12-01,31.114999771118164,31.604999542236328,31.114999771118164,31.46500015258789,30.220922470092773,19200
2015-12-02,31.790000915527344,32.34000015258789,31.790000915527344,31.924999237060547,30.662736892700195,12800
2015-12-03,32.3650016784668,32.3650016784668,31.575000762939453,31.575000762939453,30.32657623291016,14800
2015-12-04,31.545000076293945,31.809999465942383,31.5,31.625,30.37459945678711,4000
2015-12-07,31.80500030517578,31.850000381469727,31.645000457763672,31.850000381469727,30.59070205688477,3800
2015-12-08,32.10499954223633,32.10499954223633,30.98500061035156,31.274999618530277,30.03843307495117,14200
2015-12-09,31.854999542236328,31.854999542236328,30.614999771118164,30.80500030517578,29.587024688720703,8400
2015-12-10,31.2450008392334,31.625,31.2450008392334,31.59499931335449,30.345787048339844,3600
2015-12-11,31.524999618530277,31.584999084472656,30.864999771118164,31.2450008392334,30.00962448120117,5400
2015-12-14,31.489999771118164,31.600000381469727,31.26499938964844,31.350000381469727,30.1104736328125,9800
2015-12-15,31.88999938964844,32.099998474121094,31.565000534057617,32.03499984741211,30.768388748168945,7400
2015-12-16,32.185001373291016,32.20000076293945,32.084999084472656,32.20000076293945,30.92686653137207,10000
2015-12-17,32.494998931884766,32.5,31.545000076293945,31.545000076293945,30.297760009765625,5600
2015-12-18,31.51499938964844,31.51499938964844,31.34000015258789,31.475000381469727,30.230527877807617,4000
2015-12-21,31.53499984741211,31.53499984741211,31.424999237060547,31.424999237060547,30.1825008392334,3600
2015-12-22,31.25,31.5,31.030000686645508,31.5,30.254539489746094,5000
2015-12-23,31.4950008392334,31.4950008392334,31.174999237060547,31.25,30.014423370361328,7400
2015-12-24,31.36000061035156,31.76499938964844,31.36000061035156,31.6299991607666,30.379398345947266,5200
2015-12-29,31.575000762939453,31.950000762939453,31.479999542236328,31.69499969482422,30.44182777404785,4000
2015-12-30,31.69499969482422,31.69499969482422,31.399999618530277,31.399999618530277,30.15849494934082,4600
2015-12-31,31.399999618530277,31.399999618530277,30.649999618530277,30.815000534057617,29.59662628173828,3800
2016-01-04,30.399999618530277,30.5,29.75,30.200000762939453,29.005943298339844,9400
2016-01-05,30.53499984741211,30.53499984741211,30.075000762939453,30.114999771118164,28.924297332763672,3200
2016-01-06,30.075000762939453,30.200000762939453,29.725000381469727,29.82999992370605,28.650569915771484,9000
2016-01-07,29.479999542236328,30.0,29.395000457763672,29.875,28.693788528442383,10000
2016-01-08,29.989999771118164,30.3700008392334,29.989999771118164,30.239999771118164,29.04436492919922,8000
2016-01-11,30.25,30.25,29.655000686645508,30.0049991607666,28.818653106689453,3600
2016-01-12,30.2450008392334,30.600000381469727,30.2450008392334,30.545000076293945,29.33730125427246,3200
2016-01-13,30.80500030517578,30.80500030517578,29.834999084472656,29.88999938964844,28.70819091796875,5400
2016-01-14,29.82999992370605,30.674999237060547,29.799999237060547,30.674999237060547,29.462158203125,3200
2016-01-15,30.2450008392334,30.2450008392334,29.799999237060547,30.0,28.8138427734375,10400
2016-01-18,29.825000762939453,30.0,28.84499931335449,29.25,28.09350204467773,12000
2016-01-19,29.290000915527344,29.7549991607666,29.290000915527344,29.69499969482422,28.520904541015625,3600
2016-01-20,29.3700008392334,29.4950008392334,28.959999084472656,29.450000762939453,28.285594940185547,18600
2016-01-21,29.75,30.334999084472656,29.7450008392334,30.25,29.053964614868164,3000
2016-01-22,30.700000762939453,31.239999771118164,30.6299991607666,30.75,29.534194946289062,5800
2016-01-25,31.30500030517578,31.30500030517578,30.7549991607666,30.905000686645508,29.68306541442871,3400
2016-01-26,31.0,31.670000076293945,31.0,31.44499969482422,30.20171356201172,10000
2016-01-27,31.2549991607666,31.2549991607666,30.30500030517578,30.30500030517578,29.106786727905277,7000
2016-01-28,30.655000686645508,30.655000686645508,30.25,30.26000022888184,29.06356239318848,2800
2016-01-29,30.57999992370605,30.9950008392334,30.57999992370605,30.895000457763672,29.673460006713867,4800
2016-02-01,30.674999237060547,30.674999237060547,30.674999237060547,30.674999237060547,29.462158203125,600
2016-02-02,30.21500015258789,30.21500015258789,30.21500015258789,30.21500015258789,29.020343780517575,600
2016-02-03,30.4950008392334,30.5,30.225000381469727,30.270000457763672,29.073169708251957,1600
2016-02-04,30.28499984741211,30.364999771118164,29.854999542236328,30.0,28.8138427734375,4200
2016-02-05,30.0049991607666,30.0049991607666,29.3799991607666,29.3799991607666,28.218355178833008,4800
2016-02-08,29.280000686645508,29.280000686645508,27.190000534057617,27.729999542236328,26.633602142333984,11000
2016-02-09,27.575000762939453,28.0,27.575000762939453,27.7549991607666,26.657611846923828,2600
2016-02-10,27.834999084472656,28.40999984741211,27.834999084472656,28.200000762939453,27.085018157958984,7000
2016-02-11,27.739999771118164,28.0,27.575000762939453,27.575000762939453,26.48472595214844,5000
2016-02-12,27.520000457763672,27.875,27.5,27.864999771118164,26.76326560974121,3400
2016-02-16,29.23500061035156,29.23500061035156,28.489999771118164,28.825000762939453,27.685304641723636,9000
2016-02-17,29.23500061035156,30.024999618530277,29.23500061035156,30.024999618530277,28.83785820007324,4400
2016-02-18,30.295000076293945,30.354999542236328,29.924999237060547,30.350000381469727,29.15000915527344,3800
2016-02-19,29.8799991607666,30.420000076293945,29.815000534057617,30.420000076293945,29.21724510192871,7400
2016-02-22,30.420000076293945,30.75,30.31999969482422,30.31999969482422,29.121192932128903,7800
2016-02-23,30.420000076293945,30.489999771118164,30.309999465942383,30.489999771118164,29.28447532653809,2600
2016-02-24,30.309999465942383,30.5,30.225000381469727,30.5,29.294078826904297,3200
2016-02-25,30.040000915527344,30.94499969482422,30.040000915527344,30.94499969482422,29.72148323059082,14800
2016-02-26,31.0,31.09000015258789,31.0,31.0,29.774301528930664,5000
2016-02-29,30.950000762939453,30.950000762939453,30.75,30.82999992370605,29.61103057861328,2400
2016-03-01,31.06999969482422,31.26000022888184,30.94499969482422,31.15999984741211,29.927982330322266,2600
2016-03-02,31.270000457763672,31.375,30.82999992370605,31.375,30.134485244750977,4800
2016-03-03,31.15999984741211,31.26499938964844,30.625,30.625,29.414134979248047,1400
2016-03-04,30.98500061035156,30.98500061035156,29.71500015258789,29.725000381469727,28.54972076416016,4600
2016-03-07,29.625,29.98500061035156,29.625,29.674999237060547,28.50169563293457,3400
2016-03-08,29.80500030517578,29.850000381469727,29.71999931335449,29.850000381469727,28.669776916503903,1400
2016-03-09,31.315000534057617,31.315000534057617,30.049999237060547,30.049999237060547,28.86186790466309,7800
2016-03-10,30.38500022888184,30.399999618530277,30.07999992370605,30.07999992370605,28.890684127807617,2800
2016-03-11,30.59000015258789,30.93000030517578,30.59000015258789,30.895000457763672,29.673460006713867,5200
2016-03-14,30.895000457763672,30.895000457763672,30.575000762939453,30.875,29.65424919128418,6600
2016-03-15,30.864999771118164,30.875,30.25,30.795000076293945,29.57741355895996,7600
2016-03-16,30.9950008392334,31.0,30.51499938964844,30.51499938964844,29.30848693847656,2800
2016-03-17,30.309999465942383,30.309999465942383,30.125,30.149999618530277,28.957921981811523,2400
2016-03-18,30.100000381469727,30.100000381469727,29.174999237060547,29.174999237060547,28.021461486816406,7800
2016-03-21,29.18000030517578,29.475000381469727,28.8700008392334,29.475000381469727,28.309600830078125,4200
2016-03-22,29.0049991607666,29.01000022888184,28.38999938964844,28.524999618530277,27.42857551574707,20600
2016-03-23,28.614999771118164,29.200000762939453,28.600000381469727,29.200000762939453,28.0776309967041,4600
2016-03-24,29.48500061035156,29.520000457763672,29.25,29.520000457763672,28.38532829284668,3800
2016-03-28,29.625,29.665000915527344,29.350000381469727,29.665000915527344,28.52474975585937,4400
2016-03-29,29.864999771118164,29.864999771118164,29.280000686645508,29.280000686645508,28.15455436706543,600
2016-03-30,29.98500061035156,29.98500061035156,29.5,29.565000534057617,28.428598403930664,4800
2016-03-31,29.524999618530277,29.524999618530277,29.5,29.524999618530277,28.39013671875,2600
2016-04-01,29.5,29.549999237060547,29.5,29.549999237060547,28.414175033569336,4000
2016-04-04,29.9950008392334,29.9950008392334,29.5,29.5,28.36609649658203,4200
2016-04-05,29.5,29.5,29.03499984741211,29.03499984741211,27.918964385986328,1800
2016-04-06,29.0,29.0,28.78499984741211,28.84000015258789,27.73146247863769,12000
2016-04-07,28.924999237060547,29.280000686645508,28.850000381469727,29.280000686645508,28.15455436706543,3200
2016-04-08,29.299999237060547,29.6299991607666,29.299999237060547,29.5,28.36609649658203,2400
2016-04-11,29.354999542236328,29.375,29.270000457763672,29.375,28.24590110778809,1200
2016-04-12,29.375,29.375,28.729999542236328,28.729999542236328,27.62569236755371,10600
2016-04-13,28.475000381469727,29.05500030517578,28.475000381469727,28.920000076293945,27.808387756347656,8200
2016-04-14,28.940000534057617,29.104999542236328,28.940000534057617,29.104999542236328,27.98628044128418,1600
2016-04-15,29.209999084472656,29.5,29.209999084472656,29.5,28.36609649658203,8400
2016-04-18,29.5,29.625,29.45499992370605,29.45499992370605,28.322826385498047,5200
2016-04-19,29.625,29.625,29.450000762939453,29.48500061035156,28.351673126220703,1400
2016-04-20,29.48500061035156,29.625,29.48500061035156,29.6200008392334,28.48148536682129,4600
2016-04-21,29.565000534057617,29.565000534057617,28.5,28.5,27.40453147888184,13200
2016-04-22,28.5,28.5,27.5,27.9950008392334,26.918947219848636,14800
2016-04-25,27.934999465942383,27.934999465942383,27.34499931335449,27.584999084472656,26.524702072143555,23600
2016-04-26,27.625,27.649999618530277,27.440000534057617,27.475000381469727,26.418930053710938,6600
2016-04-27,27.51000022888184,27.51000022888184,26.520000457763672,26.76499938964844,25.73622131347656,24800
2016-04-28,26.7450008392334,27.6200008392334,26.7450008392334,27.575000762939453,26.515092849731445,11800
2016-04-29,27.649999618530277,28.045000076293945,27.15999984741211,27.739999771118164,26.673748016357425,10400
2016-05-02,28.2450008392334,28.25,27.5049991607666,28.225000381469727,27.140106201171875,9000
2016-05-03,28.489999771118164,28.489999771118164,27.790000915527344,27.8799991607666,26.808368682861328,5400
2016-05-04,27.6200008392334,27.6200008392334,27.20499992370605,27.5,26.44297218322754,7000
2016-05-05,27.540000915527344,27.59499931335449,27.530000686645508,27.59499931335449,26.534318923950195,3800
2016-05-06,27.59499931335449,27.63999938964844,27.21500015258789,27.63999938964844,26.57759475708008,4400
2016-05-09,27.63999938964844,27.7549991607666,27.5049991607666,27.6299991607666,26.56797790527344,15800
2016-05-10,27.80500030517578,27.80500030517578,27.80500030517578,27.80500030517578,26.736248016357425,400
2016-05-11,27.65999984741211,27.65999984741211,27.45499992370605,27.46999931335449,26.414119720458984,4200
2016-05-12,27.59000015258789,27.59000015258789,27.25,27.36000061035156,26.308353424072266,3400
2016-05-13,27.364999771118164,27.655000686645508,27.350000381469727,27.655000686645508,26.592018127441406,6800
2016-05-16,27.5049991607666,28.020000457763672,27.5049991607666,28.020000457763672,26.94298553466797,9600
2016-05-17,27.524999618530277,27.86000061035156,27.524999618530277,27.71500015258789,26.64971160888672,2800
2016-05-18,27.774999618530277,27.950000762939453,27.549999237060547,27.575000762939453,26.515092849731445,3600
2016-05-19,27.575000762939453,28.28499984741211,27.575000762939453,28.28499984741211,27.197799682617188,2400
2016-05-20,28.565000534057617,28.989999771118164,28.299999237060547,28.700000762939453,27.596851348876957,9200
2016-05-24,28.8799991607666,29.5,28.8799991607666,29.3799991607666,28.250707626342773,4200
2016-05-25,29.155000686645508,29.155000686645508,29.155000686645508,29.155000686645508,28.03436279296875,600
2016-05-26,29.13500022888184,29.13500022888184,29.024999618530277,29.104999542236328,27.98628044128418,2200
2016-05-27,29.09499931335449,29.28499984741211,29.09499931335449,29.225000381469727,28.10166931152344,1400
2016-05-30,29.98500061035156,29.98500061035156,29.434999465942383,29.4950008392334,28.361291885375977,9000
2016-05-31,29.625,29.625,29.270000457763672,29.290000915527344,28.16417121887207,2000
2016-06-01,29.25,29.25,29.125,29.125,28.00550842285156,1600
2016-06-02,29.364999771118164,29.63500022888184,29.364999771118164,29.44499969482422,28.313215255737305,2600
2016-06-03,29.479999542236328,29.57999992370605,29.475000381469727,29.55500030517578,28.41898727416992,2600
2016-06-06,29.979999542236328,29.979999542236328,29.25,29.25,28.125703811645508,6800
2016-06-07,28.88999938964844,29.045000076293945,28.88999938964844,29.045000076293945,27.9285831451416,800
2016-06-08,29.03499984741211,29.03499984741211,28.100000381469727,28.100000381469727,27.01991271972656,5400
2016-06-09,28.44499969482422,28.44499969482422,28.104999542236328,28.315000534057617,27.22664833068848,4600
2016-06-10,28.0,28.0,27.5,27.825000762939453,26.75547981262207,4000
2016-06-13,27.76499938964844,27.76499938964844,27.63500022888184,27.63500022888184,26.57278251647949,3200
2016-06-14,27.700000762939453,27.700000762939453,27.290000915527344,27.290000915527344,26.241046905517575,5200
2016-06-15,27.290000915527344,27.290000915527344,26.94499969482422,27.239999771118164,26.19296264648437,6800
2016-06-16,27.25,27.25,27.0,27.0,25.962188720703125,1600
2016-06-17,27.239999771118164,27.239999771118164,26.625,26.799999237060547,25.769880294799805,3400
2016-06-20,26.82999992370605,27.25,26.82999992370605,26.88999938964844,25.85641860961914,2600
2016-06-21,26.975000381469727,26.979999542236328,26.59499931335449,26.59499931335449,25.572757720947266,5200
2016-06-22,26.98500061035156,26.98500061035156,26.46500015258789,26.46500015258789,25.447755813598636,3400
2016-06-23,26.989999771118164,27.325000762939453,26.915000915527344,26.915000915527344,25.880460739135746,4800
2016-06-24,25.53499984741211,26.905000686645508,25.53499984741211,26.625,25.60160255432129,13800
2016-06-27,26.34000015258789,26.739999771118164,25.790000915527344,26.729999542236328,25.702566146850582,6400
2016-06-28,26.875,27.21999931335449,26.875,27.21999931335449,26.17373275756836,5600
2016-06-29,27.975000381469727,27.975000381469727,27.6299991607666,27.895000457763672,26.82278633117676,4000
2016-06-30,28.0,28.174999237060547,27.850000381469727,28.165000915527344,27.082416534423828,3800
2016-07-04,27.850000381469727,28.03499984741211,27.850000381469727,28.030000686645508,26.952598571777344,1200
2016-07-05,27.90999984741211,27.90999984741211,27.725000381469727,27.86000061035156,26.78913307189941,2400
2016-07-06,27.5049991607666,27.5049991607666,27.225000381469727,27.45499992370605,26.399702072143555,4000
2016-07-07,27.2549991607666,27.2549991607666,27.25,27.25,26.202587127685547,3400
2016-07-08,27.375,27.375,27.26499938964844,27.350000381469727,26.298738479614254,3600
2016-07-11,27.6200008392334,28.5,27.6200008392334,28.5,27.40453147888184,11200
2016-07-12,28.795000076293945,29.270000457763672,28.795000076293945,29.270000457763672,28.144939422607425,8000
2016-07-13,29.5,29.96500015258789,29.4950008392334,29.959999084472656,28.80841827392578,14600
2016-07-14,30.104999542236328,30.104999542236328,29.65999984741211,29.65999984741211,28.519947052001957,3400
2016-07-15,29.9950008392334,29.9950008392334,29.274999618530277,29.274999618530277,28.149747848510746,12000
2016-07-18,29.36000061035156,29.475000381469727,29.200000762939453,29.475000381469727,28.342056274414062,1800
2016-07-19,29.48500061035156,29.645000457763672,29.30500030517578,29.645000457763672,28.543052673339844,2600
2016-07-20,30.0,30.09499931335449,29.78499984741211,29.924999237060547,28.81264305114746,8800
2016-07-21,30.049999237060547,30.049999237060547,29.5,29.799999237060547,28.69228744506836,3800
2016-07-22,29.799999237060547,30.21500015258789,29.1200008392334,30.165000915527344,29.043720245361328,9000
2016-07-25,30.174999237060547,30.174999237060547,30.07999992370605,30.07999992370605,28.96188163757324,3000
2016-07-26,30.0049991607666,30.0049991607666,30.0,30.0,28.88485336303711,1000
2016-07-27,29.690000534057617,29.9950008392334,29.690000534057617,29.899999618530277,28.7885684967041,7400
2016-07-28,29.895000457763672,29.989999771118164,29.8700008392334,29.989999771118164,28.875226974487305,1800
2016-07-29,29.9950008392334,30.0,29.96500015258789,29.96999931335449,28.855966567993164,6600
2016-08-02,29.825000762939453,29.825000762939453,29.01499938964844,29.020000457763672,27.941282272338867,4800
2016-08-03,29.020000457763672,29.125,29.020000457763672,29.125,28.042377471923828,800
2016-08-04,29.540000915527344,29.540000915527344,29.06999969482422,29.06999969482422,27.989425659179688,2200
2016-08-05,29.18000030517578,29.280000686645508,29.18000030517578,29.280000686645508,28.19161796569824,3800
2016-08-08,29.479999542236328,29.5049991607666,29.459999084472656,29.459999084472656,28.364925384521484,1200
2016-08-09,29.459999084472656,29.459999084472656,29.459999084472656,29.459999084472656,28.364925384521484,0
2016-08-10,29.59499931335449,29.975000381469727,29.405000686645508,29.780000686645508,28.67303466796875,5600
2016-08-11,29.739999771118164,30.075000762939453,29.665000915527344,30.024999618530277,28.908918380737305,7000
2016-08-12,29.90999984741211,30.290000915527344,29.90999984741211,30.225000381469727,29.101486206054688,2200
2016-08-15,30.225000381469727,30.225000381469727,30.0,30.190000534057617,29.067790985107425,8600
2016-08-16,30.4950008392334,31.149999618530277,30.4950008392334,31.149999618530277,29.99210357666016,14800
2016-08-17,31.28499984741211,31.28499984741211,30.86000061035156,31.28499984741211,30.122089385986328,7000
2016-08-18,31.354999542236328,31.354999542236328,31.125,31.315000534057617,30.150978088378903,21400
2016-08-19,31.21999931335449,31.23500061035156,31.100000381469727,31.149999618530277,29.99210357666016,4800
2016-08-22,31.76499938964844,33.81999969482422,31.76499938964844,33.564998626708984,32.317344665527344,32400
2016-08-23,33.57500076293945,33.875,32.90999984741211,33.4900016784668,32.24513244628906,30600
2016-08-24,33.79499816894531,34.3650016784668,33.2599983215332,34.25,32.97687530517578,5200
2016-08-25,34.209999084472656,34.255001068115234,34.07500076293945,34.150001525878906,32.88059616088867,5400
2016-08-26,34.7400016784668,34.7400016784668,34.10499954223633,34.23500061035156,32.96243667602539,2400
2016-08-29,34.2400016784668,34.2400016784668,33.75,34.04999923706055,32.78430938720703,6000
2016-08-30,34.099998474121094,34.099998474121094,33.75,33.95000076293945,32.68802261352539,18000
2016-08-31,33.900001525878906,33.935001373291016,33.7599983215332,33.935001373291016,32.673587799072266,3200
2016-09-01,34.0,34.2599983215332,33.959999084472656,34.25,32.97687530517578,10200
2016-09-02,34.314998626708984,34.4900016784668,34.27000045776367,34.36000061035156,33.082786560058594,14800
2016-09-06,34.72999954223633,34.72999954223633,34.14500045776367,34.14500045776367,32.87577819824219,13200
2016-09-07,34.13999938964844,34.13999938964844,33.224998474121094,33.275001525878906,32.07452774047852,16800
2016-09-08,33.29999923706055,33.29999923706055,33.0,33.0,31.809436798095703,4000
2016-09-09,32.744998931884766,32.744998931884766,32.525001525878906,32.68000030517578,31.500980377197266,15800
2016-09-12,32.595001220703125,32.599998474121094,32.459999084472656,32.595001220703125,31.41904640197754,4600
2016-09-13,32.349998474121094,32.349998474121094,31.80500030517578,31.80500030517578,30.657554626464844,5400
2016-09-14,32.095001220703125,32.47999954223633,32.095001220703125,32.47999954223633,31.30820083618164,2000
2016-09-15,32.099998474121094,32.71500015258789,32.099998474121094,32.375,31.20698928833008,5600
2016-09-16,32.375,32.375,32.27000045776367,32.334999084472656,31.168428421020508,2000
2016-09-19,32.4900016784668,32.4900016784668,32.4900016784668,32.4900016784668,31.31783866882324,600
2016-09-20,32.5,32.7599983215332,32.36000061035156,32.36000061035156,31.19252586364746,3800
2016-09-21,32.474998474121094,32.654998779296875,32.45000076293945,32.64500045776367,31.46725082397461,1600
2016-09-22,32.75,32.79999923706055,32.75,32.79999923706055,31.61665344238281,600
2016-09-23,33.04999923706055,33.04999923706055,32.78499984741211,32.810001373291016,31.62629508972168,1800
2016-09-26,32.650001525878906,32.650001525878906,32.25,32.4900016784668,31.31783866882324,3200
2016-09-28,32.58000183105469,32.58000183105469,31.854999542236328,31.9950008392334,30.840694427490234,7400
2016-09-29,31.82999992370605,31.82999992370605,31.63999938964844,31.825000762939453,30.676830291748047,3000
2016-09-30,32.474998474121094,32.474998474121094,32.04999923706055,32.04999923706055,30.893712997436523,1000
2016-10-03,32.025001525878906,32.15999984741211,32.0,32.15999984741211,30.99974250793457,2400
2016-10-04,32.619998931884766,32.625,32.099998474121094,32.099998474121094,30.94190216064453,6800
2016-10-05,32.005001068115234,32.2599983215332,32.005001068115234,32.099998474121094,30.94190216064453,4000
2016-10-06,32.29999923706055,32.29999923706055,32.20000076293945,32.20000076293945,31.038307189941406,1600
2016-10-07,32.290000915527344,32.290000915527344,32.0,32.125,30.966007232666016,1600
2016-10-11,31.51499938964844,32.689998626708984,31.51499938964844,32.689998626708984,31.510631561279297,4400
2016-10-12,32.564998626708984,32.79499816894531,32.564998626708984,32.78499984741211,31.602191925048828,11000
2016-10-13,32.79999923706055,33.525001525878906,32.79999923706055,33.525001525878906,32.31549453735352,4000
2016-10-14,33.47999954223633,33.47999954223633,33.28499984741211,33.28499984741211,32.08414840698242,1200
2016-10-17,34.185001373291016,34.185001373291016,33.185001373291016,33.4900016784668,32.28176498413086,2800
2016-10-18,33.21500015258789,33.974998474121094,33.21500015258789,33.974998474121094,32.74925994873047,12600
2016-10-19,33.94499969482422,33.94499969482422,33.70500183105469,33.79999923706055,32.580570220947266,2600
2016-10-20,33.744998931884766,33.790000915527344,33.709999084472656,33.709999084472656,32.49382400512695,3000
2016-10-21,33.994998931884766,33.994998931884766,33.5,33.79999923706055,32.580570220947266,4000
2016-10-24,33.79499816894531,34.185001373291016,33.79499816894531,33.90999984741211,32.68660354614258,11200
2016-10-25,34.005001068115234,34.005001068115234,33.79499816894531,33.875,32.65287780761719,2000
2016-10-26,33.875,34.005001068115234,33.654998779296875,33.814998626708984,32.59503936767578,3000
2016-10-27,33.76499938964844,33.875,33.619998931884766,33.650001525878906,32.435977935791016,4600
2016-10-28,33.650001525878906,33.650001525878906,33.650001525878906,33.650001525878906,32.435977935791016,0
2016-10-31,33.98500061035156,34.064998626708984,33.900001525878906,34.064998626708984,32.83600997924805,4400
2016-11-01,33.81999969482422,33.81999969482422,33.72999954223633,33.72999954223633,32.51310348510742,4600
2016-11-02,34.0099983215332,34.07500076293945,33.75,33.75,32.532379150390625,6000
2016-11-03,33.39500045776367,33.79999923706055,33.39500045776367,33.79999923706055,32.580570220947266,600
2016-11-04,33.744998931884766,33.744998931884766,33.29499816894531,33.375,32.1709098815918,2000
2016-11-07,33.375,33.375,33.375,33.375,32.1709098815918,0
2016-11-08,33.81999969482422,33.82500076293945,33.78499984741211,33.78499984741211,32.56611251831055,1000
2016-11-09,32.76499938964844,33.69499969482422,32.76499938964844,33.5,32.291385650634766,6200
2016-11-10,33.66999816894531,33.66999816894531,31.75,31.950000762939453,30.79731750488281,24200
2016-11-11,31.940000534057617,32.099998474121094,31.709999084472656,31.709999084472656,30.565980911254883,6800
2016-11-14,32.89500045776367,32.89500045776367,31.0,31.375,30.24306297302246,16400
2016-11-15,31.604999542236328,31.604999542236328,31.604999542236328,31.604999542236328,30.46476936340332,1200
2016-11-16,32.0,32.0,32.0,32.0,30.845518112182617,800
2016-11-17,32.060001373291016,32.060001373291016,31.799999237060547,31.899999618530277,30.74912452697754,4800
2016-11-18,31.774999618530277,31.774999618530277,31.45499992370605,31.45499992370605,30.32017517089844,7400
2016-11-21,31.809999465942383,31.825000762939453,30.90999984741211,31.625,30.48404693603516,9400
2016-11-22,31.9950008392334,32.45000076293945,31.75,32.1349983215332,30.975643157958984,16800
2016-11-23,32.095001220703125,32.099998474121094,31.73500061035156,32.005001068115234,30.8503360748291,6600
2016-11-24,32.150001525878906,32.29999923706055,32.07500076293945,32.13999938964844,30.98046112060547,11800
2016-11-25,32.07500076293945,32.07500076293945,32.07500076293945,32.07500076293945,30.91780662536621,600
2016-11-28,32.005001068115234,32.005001068115234,31.700000762939453,31.700000762939453,30.556339263916016,7800
2016-11-29,32.1349983215332,32.255001068115234,32.08000183105469,32.255001068115234,31.135517120361328,3400
2016-11-30,32.47999954223633,32.47999954223633,31.5,31.5,30.40671730041504,7800
2016-12-01,31.649999618530277,31.649999618530277,30.274999618530277,30.274999618530277,29.224231719970703,13200
2016-12-02,30.3799991607666,30.979999542236328,30.3799991607666,30.75,29.682748794555664,1800
2016-12-05,31.21999931335449,31.21999931335449,30.5,30.5,29.441429138183597,4800
2016-12-06,30.5049991607666,30.5049991607666,30.26000022888184,30.479999542236328,29.422119140625,5000
2016-12-07,30.420000076293945,31.25,30.420000076293945,30.96999931335449,29.89511108398437,4000
2016-12-08,31.2450008392334,31.2450008392334,30.670000076293945,30.684999465942383,29.620004653930664,5200
2016-12-09,30.854999542236328,30.88500022888184,30.854999542236328,30.88500022888184,29.813064575195312,1400
2016-12-12,30.790000915527344,31.51499938964844,30.790000915527344,31.51499938964844,30.42119789123535,5600
2016-12-13,31.780000686645508,31.895000457763672,31.71500015258789,31.88999938964844,30.783184051513672,8200
2016-12-14,31.96500015258789,31.96500015258789,31.2549991607666,31.43000030517578,30.339149475097656,4600
2016-12-15,31.53499984741211,31.53499984741211,31.2549991607666,31.48500061035156,30.392242431640625,3400
2016-12-16,31.96999931335449,31.96999931335449,31.584999084472656,31.584999084472656,30.48876571655273,2000
2016-12-19,31.93000030517578,32.13999938964844,31.799999237060547,31.989999771118164,30.879711151123047,6600
2016-12-20,31.68000030517578,31.68000030517578,31.190000534057617,31.5,30.40671730041504,16800
2016-12-21,31.450000762939453,31.73500061035156,31.26000022888184,31.73500061035156,30.633563995361328,4400
2016-12-22,31.5,31.5,31.26000022888184,31.364999771118164,30.276403427124023,2000
2016-12-23,31.96999931335449,31.96999931335449,31.1299991607666,31.13500022888184,30.054384231567383,3400
2016-12-28,31.86000061035156,31.86000061035156,31.15999984741211,31.184999465942383,30.102649688720703,4400
2016-12-29,31.209999084472656,31.209999084472656,31.174999237060547,31.18000030517578,30.097827911376957,3400
2016-12-30,31.834999084472656,31.834999084472656,31.174999237060547,31.174999237060547,30.092994689941406,2200
2017-01-03,31.149999618530277,31.280000686645508,31.100000381469727,31.25,30.165395736694336,10200
2017-01-04,31.25,31.59000015258789,31.25,31.524999618530277,30.430850982666016,5400
2017-01-05,32.244998931884766,32.244998931884766,31.655000686645508,31.80500030517578,30.70113754272461,10000
2017-01-06,31.80500030517578,31.950000762939453,31.299999237060547,31.614999771118164,30.51772689819336,4000
2017-01-09,32.224998474121094,32.224998474121094,31.725000381469727,31.799999237060547,30.69630241394043,1800
2017-01-10,31.799999237060547,31.799999237060547,31.489999771118164,31.5,30.40671730041504,7200
2017-01-11,31.684999465942383,31.790000915527344,31.375,31.48500061035156,30.392242431640625,8800
2017-01-12,31.07999992370605,31.11000061035156,30.76499938964844,31.11000061035156,30.030256271362305,5200
2017-01-13,31.46999931335449,31.56999969482422,31.40999984741211,31.56999969482422,30.474288940429688,3800
2017-01-16,32.04499816894531,32.435001373291016,31.9950008392334,32.345001220703125,31.222394943237305,26600
2017-01-17,32.33000183105469,32.599998474121094,32.05500030517578,32.599998474121094,31.46853828430176,12800
2017-01-18,32.60499954223633,32.61000061035156,32.20000076293945,32.30500030517578,31.18378448486328,7000
2017-01-19,32.560001373291016,32.560001373291016,32.099998474121094,32.119998931884766,31.00519561767578,5200
2017-01-20,32.40999984741211,32.415000915527344,32.32500076293945,32.32500076293945,31.20308303833008,2000
2017-01-23,32.400001525878906,32.779998779296875,32.349998474121094,32.474998474121094,31.34787940979004,5800
2017-01-24,32.599998474121094,32.94499969482422,32.5,32.89500045776367,31.753297805786133,11200
2017-01-25,33.0,33.099998474121094,32.54999923706055,32.54999923706055,31.420278549194336,19200
2017-01-26,32.5,32.5,31.989999771118164,32.0,30.88936233520508,19600
2017-01-27,32.43000030517578,32.43000030517578,32.0,32.0,30.88936233520508,5200
2017-01-30,32.095001220703125,32.095001220703125,32.01499938964844,32.040000915527344,30.92797470092773,2600
2017-01-31,32.0,32.0,31.475000381469727,31.475000381469727,30.382587432861328,5200
2017-02-01,31.26499938964844,31.98500061035156,31.26499938964844,31.98500061035156,30.874887466430664,4400
2017-02-02,32.310001373291016,32.310001373291016,31.98500061035156,32.11000061035156,30.99555206298828,4400
2017-02-03,32.005001068115234,32.310001373291016,31.899999618530277,32.244998931884766,31.12586212158203,6800
2017-02-06,32.25,32.275001525878906,31.98500061035156,31.98500061035156,30.874887466430664,1800
2017-02-07,31.51499938964844,31.95499992370605,31.5,31.815000534057617,30.71078491210937,2200
2017-02-08,31.799999237060547,32.28499984741211,31.76499938964844,32.28499984741211,31.16447257995605,6600
2017-02-09,32.05500030517578,32.279998779296875,31.9950008392334,32.0,30.88936233520508,6200
2017-02-10,32.244998931884766,32.900001525878906,32.244998931884766,32.75,31.613338470458984,10600
2017-02-13,32.959999084472656,32.974998474121094,32.959999084472656,32.96500015258789,31.820863723754883,8200
2017-02-14,32.95000076293945,32.95000076293945,32.505001068115234,32.525001525878906,31.396146774291992,5600
2017-02-15,32.525001525878906,32.60499954223633,32.44499969482422,32.54999923706055,31.420278549194336,6400
2017-02-16,32.54999923706055,32.94499969482422,32.25,32.94499969482422,31.801570892333984,2200
2017-02-17,32.94499969482422,32.94499969482422,32.70000076293945,32.70000076293945,31.565073013305664,4000
2017-02-21,32.625,32.95000076293945,32.625,32.89500045776367,31.753297805786133,9400
2017-02-22,32.939998626708984,32.95000076293945,32.78499984741211,32.95000076293945,31.806400299072266,3600
2017-02-23,32.95000076293945,32.95000076293945,32.459999084472656,32.5,31.37200927734375,2400
2017-02-24,32.26499938964844,32.314998626708984,32.0,32.125,31.010028839111328,7600
2017-02-27,32.20500183105469,32.20500183105469,31.5,31.5,30.40671730041504,3000
2017-02-28,32.20000076293945,32.20000076293945,31.520000457763672,32.125,31.010028839111328,7400
2017-03-01,32.599998474121094,32.720001220703125,32.25,32.720001220703125,31.584375381469727,8800
2017-03-02,32.75,32.95000076293945,32.5,32.95000076293945,31.806400299072266,8000
2017-03-03,32.595001220703125,33.345001220703125,32.595001220703125,33.220001220703125,32.0670280456543,8400
2017-03-06,33.560001373291016,33.595001220703125,32.46500015258789,33.209999084472656,32.057369232177734,7600
2017-03-07,33.209999084472656,33.244998931884766,32.654998779296875,32.654998779296875,31.52162742614746,5000
2017-03-08,32.42499923706055,32.78499984741211,32.42499923706055,32.53499984741211,31.40579414367676,10000
2017-03-09,32.51499938964844,32.53499984741211,32.25,32.25,31.130691528320312,2000
2017-03-10,32.25,32.25,32.10499954223633,32.17499923706055,31.05828666687012,1600
2017-03-13,32.60499954223633,32.685001373291016,32.5,32.67499923706055,31.540939331054688,3600
2017-03-14,31.850000381469727,31.854999542236328,31.0,31.274999618530277,30.18952751159668,17800
2017-03-15,31.51000022888184,31.51000022888184,30.5,30.625,29.562088012695312,16600
2017-03-16,31.415000915527344,32.060001373291016,31.075000762939453,31.325000762939453,30.237791061401367,7800
2017-03-17,31.325000762939453,31.325000762939453,31.05500030517578,31.05500030517578,29.97716522216797,1000
2017-03-20,30.989999771118164,31.375,30.989999771118164,31.28499984741211,30.19917869567871,3000
2017-03-21,30.73500061035156,31.0049991607666,30.59000015258789,30.604999542236328,29.58533096313477,18200
2017-03-22,30.350000381469727,31.0,30.34000015258789,30.799999237060547,29.77384185791016,6000
2017-03-23,30.690000534057617,30.799999237060547,30.6299991607666,30.799999237060547,29.77384185791016,1400
2017-03-24,30.80500030517578,31.1200008392334,30.80500030517578,31.075000762939453,30.03968048095703,3600
2017-03-27,31.2450008392334,31.45499992370605,31.2450008392334,31.45499992370605,30.40701484680176,2400
2017-03-28,31.13999938964844,31.25,30.700000762939453,31.2450008392334,30.204015731811523,9800
2017-03-29,30.850000381469727,31.25,30.850000381469727,31.2450008392334,30.204015731811523,2800
2017-03-30,31.225000381469727,31.25,31.225000381469727,31.225000381469727,30.18467903137207,4000
2017-03-31,31.145000457763672,31.25,31.065000534057617,31.065000534057617,30.030014038085938,4000
2017-04-03,31.239999771118164,31.25,30.59499931335449,31.25,30.208845138549805,3200
2017-04-04,31.155000686645508,31.299999237060547,30.924999237060547,31.299999237060547,30.257179260253903,5800
2017-04-05,31.280000686645508,31.46500015258789,31.280000686645508,31.46500015258789,30.41668128967285,3200
2017-04-06,31.375,31.6200008392334,31.350000381469727,31.405000686645508,30.358680725097656,7000
2017-04-07,31.53499984741211,31.55500030517578,31.225000381469727,31.420000076293945,30.37318420410156,9800
2017-04-10,31.26499938964844,31.770000457763672,31.26499938964844,31.475000381469727,30.426353454589844,4800
2017-04-11,31.5,31.5,31.34000015258789,31.34000015258789,30.295848846435547,3200
2017-04-12,31.479999542236328,31.700000762939453,31.479999542236328,31.68000030517578,30.624521255493164,7000
2017-04-13,31.375,31.375,31.3700008392334,31.375,30.32968521118164,1200
2017-04-17,31.01000022888184,31.7450008392334,31.01000022888184,31.7450008392334,30.68735694885254,3200
2017-04-18,31.88500022888184,31.90999984741211,31.350000381469727,31.350000381469727,30.305519104003903,2000
2017-04-19,31.2549991607666,31.540000915527344,30.899999618530277,31.530000686645508,30.47952079772949,6000
2017-04-20,31.5,31.5,31.2450008392334,31.5,30.450515747070312,2800
2017-04-21,31.375,31.78499984741211,31.375,31.78499984741211,30.72602844238281,7600
2017-04-24,31.725000381469727,31.799999237060547,31.725000381469727,31.780000686645508,30.72118759155273,2600
2017-04-25,31.315000534057617,32.084999084472656,31.315000534057617,31.770000457763672,30.71152877807617,8200
2017-04-26,31.780000686645508,32.064998626708984,31.700000762939453,31.700000762939453,30.643856048583984,2200
2017-04-27,31.459999084472656,31.989999771118164,31.459999084472656,31.96500015258789,30.900020599365234,6800
2017-04-28,31.225000381469727,32.154998779296875,31.225000381469727,32.154998779296875,31.083696365356445,2800
2017-05-01,32.48500061035156,32.48500061035156,32.48500061035156,32.48500061035156,31.402700424194336,1600
2017-05-02,32.209999084472656,32.275001525878906,32.209999084472656,32.275001525878906,31.19969940185547,2200
2017-05-03,31.665000915527344,32.47999954223633,31.665000915527344,32.47999954223633,31.397869110107425,1000
2017-05-04,31.979999542236328,32.0,31.950000762939453,31.975000381469727,30.909692764282227,3000
2017-05-05,32.470001220703125,33.0099983215332,32.470001220703125,32.900001525878906,31.80388069152832,25600
2017-05-08,32.56999969482422,33.0,32.5,32.79499816894531,31.70237922668457,4800
2017-05-09,32.53499984741211,32.53499984741211,32.47999954223633,32.47999954223633,31.397869110107425,800
2017-05-10,32.349998474121094,32.5,32.345001220703125,32.400001525878906,31.320531845092773,3200
2017-05-11,32.1349983215332,32.1349983215332,31.770000457763672,31.770000457763672,30.71152877807617,5000
2017-05-12,31.770000457763672,31.770000457763672,31.770000457763672,31.770000457763672,30.71152877807617,800
2017-05-15,31.905000686645508,32.150001525878906,31.905000686645508,31.924999237060547,30.86136245727539,1600
2017-05-16,32.0,32.0,31.645000457763672,31.65999984741211,30.605188369750977,2400
2017-05-17,31.81999969482422,31.81999969482422,30.98500061035156,30.98500061035156,29.952674865722656,7000
2017-05-18,30.8799991607666,31.03499984741211,30.770000457763672,31.03499984741211,30.001014709472656,2400
2017-05-19,30.98500061035156,31.100000381469727,30.975000381469727,31.100000381469727,30.06384658813477,1400
2017-05-23,31.18000030517578,31.18000030517578,31.155000686645508,31.155000686645508,30.11701393127441,1000
2017-05-24,31.4950008392334,31.4950008392334,31.049999237060547,31.165000915527344,30.12667655944824,1600
2017-05-25,31.34499931335449,31.34499931335449,30.98500061035156,31.25,30.208845138549805,2600
2017-05-26,31.25,31.2549991607666,31.25,31.25,30.208845138549805,2200
2017-05-29,31.5049991607666,31.5049991607666,31.5,31.5,30.450515747070312,1600
2017-05-30,31.2450008392334,31.2549991607666,31.049999237060547,31.049999237060547,30.015512466430664,2000
2017-05-31,31.100000381469727,31.790000915527344,31.100000381469727,31.790000915527344,30.730857849121094,2400
2017-06-01,32.369998931884766,32.369998931884766,31.989999771118164,32.04999923706055,30.982196807861328,2400
2017-06-02,31.815000534057617,32.54999923706055,31.815000534057617,32.54999923706055,31.46553611755371,2400
2017-06-05,32.6150016784668,32.650001525878906,32.6150016784668,32.650001525878906,31.562198638916016,2600
2017-06-06,32.54999923706055,32.654998779296875,32.54499816894531,32.650001525878906,31.562198638916016,2000
2017-06-07,32.650001525878906,32.650001525878906,32.06999969482422,32.10499954223633,31.03536033630371,800
2017-06-08,32.06999969482422,32.06999969482422,32.005001068115234,32.005001068115234,30.938695907592773,800
2017-06-09,31.70499992370605,31.950000762939453,31.5,31.5,30.450515747070312,1800
2017-06-12,31.479999542236328,31.5,31.479999542236328,31.5,30.450515747070312,1200
2017-06-13,31.5,31.5,31.5,31.5,30.450515747070312,0
2017-06-14,31.625,31.625,31.2549991607666,31.2549991607666,30.213680267333984,4600
2017-06-15,31.01000022888184,31.01000022888184,30.934999465942383,31.0,29.96717643737793,2200
2017-06-16,31.19499969482422,31.5,30.75,31.4950008392334,30.4456844329834,14000
2017-06-19,31.795000076293945,31.795000076293945,31.13500022888184,31.20499992370605,30.16534805297852,5400
2017-06-20,31.36000061035156,31.88999938964844,31.36000061035156,31.88999938964844,30.827524185180664,1600
2017-06-21,31.76000022888184,31.76000022888184,31.76000022888184,31.76000022888184,30.701854705810547,800
2017-06-22,31.459999084472656,31.459999084472656,31.225000381469727,31.25,30.208845138549805,3600
2017-06-23,31.2549991607666,31.2549991607666,30.905000686645508,31.065000534057617,30.030014038085938,2600
2017-06-26,31.51499938964844,32.13999938964844,31.51499938964844,32.13999938964844,31.069196701049805,3000
2017-06-27,32.13999938964844,32.5,31.989999771118164,32.5,31.41720199584961,5000
2017-06-28,32.55500030517578,33.3849983215332,32.55500030517578,32.65999984741211,31.57186317443848,5800
2017-06-29,31.56999969482422,31.95499992370605,31.15999984741211,31.63500022888184,30.58102035522461,12200
2017-06-30,31.549999237060547,31.549999237060547,31.09000015258789,31.25,30.208845138549805,4000
2017-07-04,32.310001373291016,32.310001373291016,31.5,31.5,30.450515747070312,1600
2017-07-05,31.05500030517578,31.350000381469727,30.940000534057617,31.295000076293945,30.25234603881836,6600
2017-07-06,31.0,31.0,30.174999237060547,30.174999237060547,29.169660568237305,7200
2017-07-07,30.375,30.375,29.700000762939453,30.0,29.00049591064453,4400
2017-07-10,30.030000686645508,30.030000686645508,29.799999237060547,29.799999237060547,28.807153701782227,2600
2017-07-11,31.174999237060547,31.174999237060547,30.450000762939453,30.59000015258789,29.57083511352539,6600
2017-07-12,31.44499969482422,32.15999984741211,31.38999938964844,31.80500030517578,30.745361328125,3200
2017-07-13,31.979999542236328,32.0,31.25,31.549999237060547,30.498851776123047,6800
2017-07-14,31.375,31.4950008392334,31.25,31.325000762939453,30.28135108947754,3200
2017-07-17,31.325000762939453,31.325000762939453,31.09000015258789,31.26000022888184,30.218515396118164,12400
2017-07-18,31.200000762939453,31.354999542236328,31.1200008392334,31.295000076293945,30.25234603881836,2200
2017-07-19,31.46500015258789,31.4950008392334,31.25,31.25,30.252344131469727,2800
2017-07-20,31.075000762939453,31.125,31.01000022888184,31.01000022888184,30.02000999450684,1600
2017-07-21,31.1299991607666,31.1299991607666,30.989999771118164,31.0,30.010330200195312,1800
2017-07-24,31.20499992370605,31.20499992370605,30.44499969482422,30.799999237060547,29.81671524047852,4400
2017-07-25,30.75,30.975000381469727,30.75,30.774999618530277,29.79250907897949,6800
2017-07-26,30.56999969482422,31.25,30.56999969482422,31.25,30.252344131469727,3400
2017-07-27,31.290000915527344,31.3799991607666,31.07999992370605,31.170000076293945,30.17490005493164,4800
2017-07-28,30.604999542236328,30.799999237060547,30.5049991607666,30.600000381469727,29.62309837341309,2400
2017-07-31,30.5049991607666,30.790000915527344,30.2549991607666,30.2549991607666,29.289112091064453,3000
2017-08-01,30.375,30.3799991607666,30.375,30.375,29.405282974243164,1000
2017-08-02,29.9950008392334,30.36000061035156,29.9950008392334,30.19499969482422,29.231029510498047,9200
2017-08-03,30.225000381469727,30.25,30.024999618530277,30.024999618530277,29.066452026367188,2600
2017-08-04,29.5,30.424999237060547,29.5,30.424999237060547,29.45368385314941,1200
2017-08-08,30.020000457763672,30.049999237060547,30.020000457763672,30.049999237060547,29.09065818786621,2800
2017-08-09,30.225000381469727,30.5,30.225000381469727,30.4950008392334,29.521453857421875,1600
2017-08-10,30.100000381469727,30.100000381469727,30.100000381469727,30.100000381469727,29.139060974121094,800
2017-08-11,30.71999931335449,30.75,30.399999618530277,30.75,29.768310546875,4200
2017-08-14,31.0,31.2549991607666,31.0,31.049999237060547,30.058732986450195,5600
2017-08-15,31.11000061035156,31.274999618530277,31.049999237060547,31.274999618530277,30.276546478271484,1200
2017-08-16,31.274999618530277,31.274999618530277,31.274999618530277,31.274999618530277,30.276546478271484,0
2017-08-17,31.2549991607666,31.2549991607666,31.25,31.25,30.252344131469727,800
2017-08-18,30.9950008392334,30.9950008392334,30.7450008392334,30.7450008392334,29.76346969604492,1800
2017-08-21,30.7450008392334,31.0,30.7450008392334,31.0,30.010330200195312,400
2017-08-22,31.065000534057617,31.065000534057617,30.665000915527344,31.0,30.010330200195312,1200
2017-08-23,31.2450008392334,31.2450008392334,30.75,30.75,29.768310546875,1400
2017-08-24,30.75,30.75,30.75,30.75,29.768310546875,400
2017-08-25,30.88999938964844,30.88999938964844,30.88999938964844,30.88999938964844,29.903844833374023,600
2017-08-28,30.6200008392334,30.6200008392334,30.6200008392334,30.6200008392334,29.642465591430664,1200
2017-08-29,30.0049991607666,30.600000381469727,30.0049991607666,30.28499984741211,29.318153381347656,6800
2017-08-30,30.104999542236328,30.625,30.104999542236328,30.625,29.647300720214844,1200
2017-08-31,30.43000030517578,30.43000030517578,30.420000076293945,30.420000076293945,29.44884490966797,1400
2017-09-01,30.13500022888184,30.13500022888184,30.13500022888184,30.13500022888184,29.172941207885746,1600
2017-09-05,30.239999771118164,30.489999771118164,29.875,29.950000762939453,28.99385070800781,5800
2017-09-06,30.2450008392334,31.0049991607666,30.0,30.28499984741211,29.318153381347656,4200
2017-09-07,31.01000022888184,31.01000022888184,30.31999969482422,30.31999969482422,29.35203742980957,2000
2017-09-08,30.31999969482422,30.989999771118164,30.26000022888184,30.26000022888184,29.2939567565918,1800
2017-09-11,30.364999771118164,31.0,30.2549991607666,30.399999618530277,29.42948341369629,5600
2017-09-12,31.0,31.0,30.26499938964844,30.524999618530277,29.55049133300781,7000
2017-09-13,30.559999465942383,30.799999237060547,30.559999465942383,30.799999237060547,29.81671524047852,2000
2017-09-14,30.56999969482422,30.57999992370605,30.28499984741211,30.575000762939453,29.6422061920166,2600
2017-09-15,30.475000381469727,30.51000022888184,30.475000381469727,30.51000022888184,29.57918930053711,800
2017-09-18,30.790000915527344,30.790000915527344,30.645000457763672,30.649999618530277,29.71491813659668,4200
2017-09-19,30.649999618530277,30.75,30.649999618530277,30.75,29.81186866760254,1600
2017-09-20,30.71500015258789,31.0,30.71500015258789,30.7549991607666,29.81671714782715,2600
2017-09-21,30.71999931335449,30.774999618530277,30.71999931335449,30.774999618530277,29.83609771728516,3400
2017-09-22,30.6299991607666,30.6299991607666,30.600000381469727,30.600000381469727,29.666444778442383,1400
2017-09-25,30.69499969482422,30.69499969482422,29.78499984741211,29.825000762939453,28.915088653564453,2600
2017-09-26,30.024999618530277,30.049999237060547,30.0,30.0,29.08474540710449,1600
2017-09-27,30.2549991607666,30.274999618530277,28.95499992370605,29.799999237060547,28.890850067138672,7000
2017-09-28,29.46500015258789,29.7549991607666,29.350000381469727,29.350000381469727,28.45457649230957,4400
2017-09-29,29.270000457763672,29.270000457763672,28.70499992370605,28.70499992370605,27.829254150390625,9000
2017-10-02,28.75,29.274999618530277,28.70499992370605,29.274999618530277,28.381866455078125,11200
2017-10-03,29.28499984741211,29.36000061035156,29.28499984741211,29.36000061035156,28.46427345275879,4200
2017-10-04,29.5049991607666,29.524999618530277,29.5,29.5,28.600000381469727,5600
2017-10-05,29.5,29.799999237060547,29.5,29.799999237060547,28.890850067138672,1600
2017-10-06,29.905000686645508,30.0,29.81999969482422,30.0,29.08474540710449,3400
2017-10-10,29.78499984741211,29.920000076293945,29.690000534057617,29.790000915527344,28.88115501403809,5800
2017-10-11,29.725000381469727,30.01499938964844,29.725000381469727,30.01499938964844,29.099288940429688,1400
2017-10-12,30.0,31.0,30.0,31.0,30.054237365722656,13600
2017-10-13,29.655000686645508,30.76000022888184,29.655000686645508,30.625,29.690677642822266,6600
2017-10-16,30.63500022888184,30.63500022888184,30.149999618530277,30.174999237060547,29.2544059753418,4800
2017-10-17,30.190000534057617,30.614999771118164,30.149999618530277,30.184999465942383,29.264102935791016,5400
2017-10-18,30.149999618530277,30.149999618530277,29.899999618530277,29.979999542236328,29.065357208251957,7800
2017-10-19,29.94499969482422,29.94499969482422,29.895000457763672,29.899999618530277,28.987796783447266,1400
2017-10-20,29.899999618530277,29.989999771118164,29.649999618530277,29.989999771118164,29.07505226135254,7400
2017-10-23,30.0,30.475000381469727,30.0,30.475000381469727,29.545255661010746,4200
2017-10-24,30.0,30.5,29.5,30.375,29.44830894470215,3800
2017-10-25,30.114999771118164,30.434999465942383,30.114999771118164,30.325000762939453,29.399831771850582,3800
2017-10-26,30.31999969482422,30.82999992370605,30.100000381469727,30.729999542236328,29.7924747467041,13600
2017-10-27,30.59000015258789,30.905000686645508,30.32999992370605,30.32999992370605,29.404680252075195,3000
2017-10-30,30.26000022888184,30.559999465942383,30.26000022888184,30.375,29.44830894470215,12200
2017-10-31,30.375,30.809999465942383,30.290000915527344,30.5,29.569494247436523,4800
2017-11-01,30.32999992370605,30.545000076293945,30.270000457763672,30.350000381469727,29.42406845092773,2800
2017-11-02,30.82999992370605,31.38999938964844,30.489999771118164,30.8799991607666,29.937898635864254,11600
2017-11-03,31.315000534057617,31.315000534057617,30.625,31.299999237060547,30.34508514404297,12200
2017-11-06,31.049999237060547,31.440000534057617,30.875,31.25,30.296611785888672,9600
2017-11-07,31.420000076293945,31.424999237060547,31.040000915527344,31.084999084472656,30.13664436340332,2800
2017-11-08,31.395000457763672,31.98500061035156,31.395000457763672,31.98500061035156,31.00918960571289,10800
2017-11-09,31.864999771118164,32.345001220703125,31.864999771118164,32.334999084472656,31.3485107421875,7000
2017-11-10,32.19499969482422,32.334999084472656,32.15999984741211,32.15999984741211,31.17884826660156,1800
2017-11-13,31.8799991607666,32.4900016784668,31.75,32.255001068115234,31.270952224731445,7000
2017-11-14,32.0,32.0099983215332,31.75,31.75,30.781354904174805,2400
2017-11-15,32.0,32.5,32.0,32.5,31.50847816467285,2000
2017-11-16,32.29999923706055,32.31999969482422,32.09000015258789,32.09000015258789,31.110984802246094,5400
2017-11-17,32.0,32.0,31.979999542236328,31.979999542236328,31.00434112548828,800
2017-11-20,31.94499969482422,32.165000915527344,31.684999465942383,32.0,31.02372932434082,3000
2017-11-21,32.05500030517578,32.224998474121094,32.04999923706055,32.224998474121094,31.24186515808105,11200
2017-11-22,32.10499954223633,32.5,31.96500015258789,32.125,31.14491844177246,3400
2017-11-23,32.32500076293945,32.32500076293945,31.95499992370605,31.95499992370605,30.980104446411133,1200
2017-11-24,32.20000076293945,32.275001525878906,32.20000076293945,32.244998931884766,31.26125144958496,1400
2017-11-27,32.20000076293945,32.3650016784668,32.060001373291016,32.25,31.26610565185547,8200
2017-11-28,32.564998626708984,33.45000076293945,32.400001525878906,32.400001525878906,31.411527633666992,14400
2017-11-29,32.95000076293945,32.97999954223633,32.349998474121094,32.709999084472656,31.712068557739254,8600
2017-11-30,33.04999923706055,33.125,32.650001525878906,32.970001220703125,31.96413993835449,5600
2017-12-01,32.96500015258789,33.130001068115234,32.849998474121094,32.849998474121094,31.847797393798828,10400
2017-12-04,33.19499969482422,33.19499969482422,32.900001525878906,32.9900016784668,31.983530044555664,5600
2017-12-05,33.0,33.244998931884766,33.0,33.025001525878906,32.01746368408203,2400
2017-12-06,32.95000076293945,33.125,32.79499816894531,33.125,32.15822219848633,3400
2017-12-07,33.38999938964844,33.38999938964844,33.349998474121094,33.349998474121094,32.376651763916016,14200
2017-12-08,33.349998474121094,33.685001373291016,33.31999969482422,33.31999969482422,32.34754180908203,4400
2017-12-11,33.25,33.75,33.244998931884766,33.5,32.52228927612305,6600
2017-12-12,33.5,33.79499816894531,33.5,33.779998779296875,32.79411315917969,4400
2017-12-13,33.56999969482422,33.56999969482422,33.28499984741211,33.5,32.52228927612305,3000
2017-12-14,33.599998474121094,33.79999923706055,33.28499984741211,33.54999923706055,32.570823669433594,10000
2017-12-15,33.89500045776367,33.9900016784668,33.540000915527344,33.595001220703125,32.61450958251953,2200
2017-12-18,33.71500015258789,33.834999084472656,33.505001068115234,33.505001068115234,32.52714538574219,3200
2017-12-19,33.81999969482422,33.81999969482422,33.29999923706055,33.29999923706055,32.328128814697266,1600
2017-12-20,33.29999923706055,33.29999923706055,32.875,32.875,31.91552352905273,2800
2017-12-21,32.970001220703125,32.970001220703125,32.5,32.80500030517578,31.847564697265625,5800
2017-12-22,32.880001068115234,32.994998931884766,32.59000015258789,32.775001525878906,31.818449020385746,6600
2017-12-27,32.744998931884766,32.974998474121094,32.5,32.974998474121094,32.01260757446289,3000
2017-12-28,33.07500076293945,33.07500076293945,32.70000076293945,33.0,32.03687286376953,3000
2017-12-29,33.005001068115234,33.10499954223633,32.775001525878906,33.005001068115234,32.04173278808594,2000
2018-01-02,32.869998931884766,33.095001220703125,32.775001525878906,32.775001525878906,31.818449020385746,1400
2018-01-03,32.78499984741211,32.78499984741211,32.78499984741211,32.78499984741211,31.828149795532227,2200
2018-01-04,32.72999954223633,33.07500076293945,32.72999954223633,33.07500076293945,32.10968780517578,6200
2018-01-05,32.91999816894531,33.150001525878906,32.85499954223633,33.07500076293945,32.10968780517578,6200
2018-01-08,33.09000015258789,33.48500061035156,33.09000015258789,33.48500061035156,32.50772476196289,4200
2018-01-09,33.20000076293945,33.25,33.125,33.25,32.27958297729492,2400
2018-01-10,33.275001525878906,33.279998779296875,33.20500183105469,33.20500183105469,32.23589324951172,1400
2018-01-11,33.255001068115234,33.255001068115234,32.79999923706055,32.98500061035156,32.02231216430664,5800
2018-01-12,32.54499816894531,32.54499816894531,32.42499923706055,32.53499984741211,31.585447311401367,4600
2018-01-15,32.560001373291016,32.560001373291016,32.130001068115234,32.310001373291016,31.367015838623047,9000
2018-01-16,32.42499923706055,32.474998474121094,32.255001068115234,32.474998474121094,31.52720069885254,3000
2018-01-17,32.525001525878906,32.525001525878906,32.3849983215332,32.3849983215332,31.4398193359375,3200
2018-01-18,32.43000030517578,32.82500076293945,32.005001068115234,32.79999923706055,31.84270668029785,6000
2018-01-19,32.79999923706055,33.07500076293945,32.79999923706055,33.05500030517578,32.09027099609375,3200
2018-01-22,33.01499938964844,33.310001373291016,32.75,33.275001525878906,32.303855895996094,5600
2018-01-23,33.3650016784668,33.5,33.0099983215332,33.349998474121094,32.376651763916016,14800
2018-01-24,33.52000045776367,33.53499984741211,33.125,33.125,32.15822219848633,3600
2018-01-25,33.25,33.70000076293945,33.25,33.625,32.643638610839844,6600
2018-01-26,33.625,33.625,33.275001525878906,33.5,32.52228927612305,3000
2018-01-29,33.10499954223633,33.400001525878906,33.060001373291016,33.25,32.27958297729492,6800
2018-01-30,33.154998779296875,33.154998779296875,32.5,32.5,31.55146789550781,6400
2018-01-31,32.345001220703125,32.40999984741211,32.0,32.25,31.30876350402832,9600
2018-02-01,32.25,32.25,31.5,31.799999237060547,30.87189674377441,5000
2018-02-02,31.649999618530277,31.649999618530277,30.51499938964844,31.149999618530277,30.24086570739746,10200
2018-02-05,30.71999931335449,31.125,30.71500015258789,30.975000381469727,30.070980072021484,7200
2018-02-06,30.540000915527344,31.280000686645508,30.375,31.2450008392334,30.33309936523437,13400
2018-02-07,31.325000762939453,31.325000762939453,30.905000686645508,31.11000061035156,30.20203971862793,6800
2018-02-08,31.11000061035156,31.53499984741211,30.834999084472656,31.0,30.09524345397949,3800
2018-02-09,30.96500015258789,31.200000762939453,30.75,31.200000762939453,30.28941535949707,3200
2018-02-12,30.645000457763672,30.95499992370605,30.59000015258789,30.950000762939453,30.04670524597168,1600
2018-02-13,30.940000534057617,30.940000534057617,30.75,30.790000915527344,29.89137077331543,5600
2018-02-14,30.75,30.80500030517578,30.649999618530277,30.649999618530277,29.755460739135746,6000
2018-02-15,30.649999618530277,31.09499931335449,30.649999618530277,31.09499931335449,30.18747329711914,6400
2018-02-16,31.405000686645508,31.71999931335449,31.405000686645508,31.51499938964844,30.595216751098636,2600
2018-02-20,32.47999954223633,32.47999954223633,31.165000915527344,31.270000457763672,30.35736656188965,9000
2018-02-21,31.2549991607666,31.375,31.0,31.174999237060547,30.265138626098636,3800
2018-02-22,31.0,31.395000457763672,31.0,31.395000457763672,30.478723526000977,2000
2018-02-23,31.350000381469727,31.3799991607666,31.2450008392334,31.3799991607666,30.464157104492188,1800
2018-02-26,31.354999542236328,31.354999542236328,31.045000076293945,31.045000076293945,30.138931274414062,4200
2018-02-27,31.0049991607666,31.600000381469727,31.0049991607666,31.600000381469727,30.677738189697266,12200
2018-02-28,31.5,31.5,31.25,31.274999618530277,30.36222267150879,1800
2018-03-01,31.5,31.825000762939453,31.149999618530277,31.149999618530277,30.24086570739746,3800
2018-03-02,31.20499992370605,31.6299991607666,31.20499992370605,31.6299991607666,30.70686149597168,4000
2018-03-05,31.540000915527344,31.540000915527344,30.75,31.25,30.33795166015625,2400
2018-03-06,31.420000076293945,31.739999771118164,31.274999618530277,31.614999771118164,30.69229507446289,4800
2018-03-07,31.600000381469727,31.799999237060547,31.5049991607666,31.709999084472656,30.78452491760254,3000
2018-03-08,30.625,31.70499992370605,30.625,31.424999237060547,30.507843017578125,2400
2018-03-09,31.5049991607666,32.165000915527344,31.5049991607666,31.975000381469727,31.041793823242188,4800
2018-03-12,32.10499954223633,32.10499954223633,32.025001525878906,32.025001525878906,31.090333938598636,1400
2018-03-13,32.4900016784668,32.4900016784668,31.125,31.125,30.216598510742188,8200
2018-03-14,31.270000457763672,32.0,31.270000457763672,31.46500015258789,30.54667091369629,1800
2018-03-15,31.825000762939453,31.94499969482422,31.774999618530277,31.934999465942383,31.00295639038086,1400
2018-03-16,31.895000457763672,32.16999816894531,31.875,31.875,30.94470977783203,3000
2018-03-19,31.899999618530277,32.4900016784668,31.895000457763672,32.244998931884766,31.303911209106445,4200
2018-03-20,30.375,30.375,29.26499938964844,29.899999618530277,29.027353286743164,28600
2018-03-21,29.93000030517578,29.93000030517578,29.26499938964844,29.26499938964844,28.41088104248047,22800
2018-03-22,29.43000030517578,29.43000030517578,28.950000762939453,29.0,28.153623580932617,10400
2018-03-23,29.01499938964844,29.05500030517578,28.18000030517578,28.46999931335449,27.63908576965332,14600
2018-03-26,28.69499969482422,28.709999084472656,27.854999542236328,27.9950008392334,27.177949905395508,16800
2018-03-27,28.18000030517578,28.200000762939453,27.850000381469727,27.940000534057617,27.12455368041992,11600
2018-03-28,28.020000457763672,28.61000061035156,28.0,28.56999969482422,27.780912399291992,6800
2018-03-29,28.75,29.0,28.59000015258789,29.0,28.19903564453125,5000
2018-04-02,29.0,29.0,28.625,28.95499992370605,28.15528106689453,3200
2018-04-03,28.95499992370605,29.01000022888184,28.479999542236328,28.479999542236328,27.693397521972656,7600
2018-04-04,28.43000030517578,28.920000076293945,28.43000030517578,28.75,27.955934524536133,2200
2018-04-05,28.674999237060547,28.674999237060547,27.850000381469727,28.184999465942383,27.406543731689453,8000
2018-04-06,28.20499992370605,28.5,28.149999618530277,28.149999618530277,27.372514724731445,4400
2018-04-09,28.06999969482422,28.25,28.01499938964844,28.020000457763672,27.2460994720459,4400
2018-04-10,28.45499992370605,28.45499992370605,27.475000381469727,27.56999969482422,26.808528900146484,10200
2018-04-11,27.56999969482422,27.625,27.270000457763672,27.295000076293945,26.541126251220703,4800
2018-04-12,27.26000022888184,27.34499931335449,26.9950008392334,27.165000915527344,26.41471672058105,2600
2018-04-13,27.479999542236328,27.700000762939453,27.200000762939453,27.5,26.74046516418457,3400
2018-04-16,27.700000762939453,27.700000762939453,27.100000381469727,27.100000381469727,26.351512908935547,5600
2018-04-17,27.100000381469727,27.21999931335449,26.479999542236328,27.190000534057617,26.439023971557617,11000
2018-04-18,27.0,27.3700008392334,26.86000061035156,27.184999465942383,26.434162139892575,6400
2018-04-19,27.125,27.125,26.665000915527344,26.895000457763672,26.152172088623047,5200
2018-04-20,27.4950008392334,27.4950008392334,26.450000762939453,26.78499984741211,26.04521369934082,7600
2018-04-23,26.88500022888184,27.399999618530277,26.88500022888184,27.399999618530277,26.643224716186523,4600
2018-04-24,27.354999542236328,27.38500022888184,27.354999542236328,27.38500022888184,26.62864112854004,1600
2018-04-25,27.0049991607666,27.350000381469727,27.0,27.18000030517578,26.42930030822754,7000
2018-04-26,27.364999771118164,27.725000381469727,27.364999771118164,27.725000381469727,26.95924949645996,4000
2018-04-27,27.725000381469727,28.75,27.71999931335449,28.75,27.955934524536133,3800
2018-04-30,29.09000015258789,29.09000015258789,28.03499984741211,28.149999618530277,27.372514724731445,10200
2018-05-01,28.13999938964844,28.13999938964844,27.875,27.924999237060547,27.153722763061523,8800
2018-05-02,27.975000381469727,27.975000381469727,27.350000381469727,27.350000381469727,26.5946044921875,8600
2018-05-03,27.420000076293945,27.420000076293945,27.26000022888184,27.375,26.61891746520996,5800
2018-05-04,27.440000534057617,27.739999771118164,27.424999237060547,27.739999771118164,26.97383499145508,2000
2018-05-07,27.73500061035156,27.73500061035156,27.5,27.5,26.74046516418457,9200
2018-05-08,27.5,27.5,26.875,27.20499992370605,26.45361328125,5000
2018-05-09,27.475000381469727,27.475000381469727,27.0049991607666,27.01499938964844,26.268857955932617,3800
2018-05-10,27.049999237060547,27.399999618530277,27.01499938964844,27.399999618530277,26.643224716186523,2200
2018-05-11,27.5,27.5,27.1200008392334,27.25,26.49736976623535,5600
2018-05-14,27.200000762939453,27.45499992370605,27.0,27.325000762939453,26.570301055908203,7000
2018-05-15,27.395000457763672,27.450000762939453,27.200000762939453,27.200000762939453,26.448755264282227,3200
2018-05-16,27.34499931335449,27.57999992370605,27.34499931335449,27.57999992370605,26.81825828552246,4800
2018-05-17,27.375,27.375,27.09000015258789,27.09000015258789,26.341785430908203,800
2018-05-18,27.049999237060547,27.049999237060547,26.625,26.75,26.011178970336918,6000
2018-05-22,26.665000915527344,26.88999938964844,26.424999237060547,26.46500015258789,25.73405265808105,10200
2018-05-23,26.350000381469727,27.145000457763672,26.274999618530277,27.145000457763672,26.395273208618164,3800
2018-05-24,27.479999542236328,27.479999542236328,27.209999084472656,27.32999992370605,26.57516098022461,4800
2018-05-25,27.299999237060547,27.670000076293945,27.299999237060547,27.649999618530277,26.886320114135746,5000
2018-05-28,27.73500061035156,27.899999618530277,27.32999992370605,27.32999992370605,26.57516098022461,9600
2018-05-29,27.450000762939453,27.774999618530277,27.450000762939453,27.600000381469727,26.837703704833984,1000
2018-05-30,27.479999542236328,27.479999542236328,27.450000762939453,27.46999931335449,26.71129035949707,2400
2018-05-31,27.559999465942383,27.559999465942383,27.270000457763672,27.299999237060547,26.54598426818848,4600
2018-06-01,27.475000381469727,27.88999938964844,27.475000381469727,27.584999084472656,26.823118209838867,5600
2018-06-04,27.96999931335449,28.270000457763672,27.325000762939453,28.200000762939453,27.421131134033203,6200
2018-06-05,28.19499969482422,28.25,28.125,28.125,27.348201751708984,4200
2018-06-06,28.2450008392334,28.25,27.924999237060547,28.125,27.348201751708984,3800
2018-06-07,28.0,28.03499984741211,27.174999237060547,27.174999237060547,26.4244384765625,11200
2018-06-08,27.065000534057617,27.395000457763672,27.065000534057617,27.1200008392334,26.370960235595703,7200
2018-06-11,27.315000534057617,27.399999618530277,27.225000381469727,27.225000381469727,26.47306060791016,10000
2018-06-12,27.200000762939453,27.200000762939453,27.149999618530277,27.149999618530277,26.400127410888672,600
2018-06-13,27.0,27.25,27.0,27.06999969482422,26.322338104248047,1600
2018-06-14,27.420000076293945,27.51499938964844,27.36000061035156,27.51499938964844,26.75504875183105,2600
2018-06-15,27.59000015258789,27.854999542236328,27.5,27.774999618530277,27.00786781311035,4000
2018-06-18,27.239999771118164,28.209999084472656,27.239999771118164,28.19499969482422,27.41627311706543,7400
2018-06-19,28.184999465942383,28.809999465942383,28.184999465942383,28.575000762939453,27.78577423095703,9400
2018-06-20,28.81999969482422,28.924999237060547,28.71999931335449,28.80500030517578,28.009422302246094,9600
2018-06-21,28.795000076293945,28.850000381469727,28.670000076293945,28.850000381469727,28.05318069458008,11000
2018-06-22,29.1200008392334,29.415000915527344,29.1200008392334,29.415000915527344,28.60257148742676,5600
2018-06-25,29.68000030517578,29.68000030517578,28.950000762939453,28.950000762939453,28.15041732788086,6000
2018-06-26,29.2450008392334,29.5,29.2450008392334,29.274999618530277,28.466440200805664,3200
2018-06-27,29.295000076293945,29.295000076293945,29.03499984741211,29.03499984741211,28.233068466186523,1200
2018-06-28,29.19499969482422,29.38500022888184,28.670000076293945,29.38500022888184,28.57340240478516,3800
2018-06-29,29.364999771118164,29.364999771118164,28.75,28.850000381469727,28.05318069458008,11600
2018-07-03,28.95499992370605,28.95499992370605,28.0,28.0,27.22665405273437,12400
2018-07-04,28.01000022888184,28.100000381469727,28.01000022888184,28.100000381469727,27.32389640808105,1200
2018-07-05,28.229999542236328,28.229999542236328,28.0,28.0,27.22665405273437,2200
2018-07-06,28.1200008392334,28.174999237060547,27.96500015258789,28.174999237060547,27.396818161010746,2800
2018-07-09,28.75,28.75,28.20499992370605,28.559999465942383,27.771188735961918,2200
2018-07-10,30.7450008392334,31.575000762939453,30.209999084472656,30.600000381469727,29.75484275817871,29600
2018-07-11,30.834999084472656,30.834999084472656,30.225000381469727,30.489999771118164,29.647878646850582,11600
2018-07-12,30.4950008392334,31.25,30.475000381469727,31.25,30.386890411376957,9800
2018-07-13,31.334999084472656,31.7450008392334,31.174999237060547,31.7450008392334,30.86821746826172,4000
2018-07-16,31.5049991607666,31.799999237060547,31.5049991607666,31.739999771118164,30.86335563659668,6600
2018-07-17,31.424999237060547,31.434999465942383,31.274999618530277,31.299999237060547,30.48352813720703,2600
2018-07-18,31.024999618530277,31.024999618530277,30.520000457763672,30.875,30.069616317749023,6400
2018-07-19,30.73500061035156,30.864999771118164,30.700000762939453,30.854999542236328,30.05013656616211,2200
2018-07-20,30.95499992370605,30.95499992370605,30.51499938964844,30.51499938964844,29.71900749206543,2600
2018-07-23,30.9950008392334,30.9950008392334,30.174999237060547,30.174999237060547,29.387874603271484,3800
2018-07-24,30.26499938964844,30.450000762939453,30.05500030517578,30.05500030517578,29.27100372314453,1000
2018-07-25,30.05500030517578,30.100000381469727,29.424999237060547,30.084999084472656,29.30022430419922,5000
2018-07-26,29.979999542236328,30.299999237060547,29.979999542236328,30.21500015258789,29.426834106445312,800
2018-07-27,30.059999465942383,30.28499984741211,30.059999465942383,30.28499984741211,29.495006561279297,800
2018-07-30,30.05500030517578,30.05500030517578,29.899999618530277,29.899999618530277,29.120052337646484,1600
2018-07-31,30.05500030517578,30.05500030517578,29.895000457763672,30.030000686645508,29.246660232543945,1800
2018-08-01,30.274999618530277,30.274999618530277,29.825000762939453,29.9950008392334,29.21257209777832,2600
2018-08-02,30.0,30.1200008392334,29.90999984741211,30.075000762939453,29.29048728942871,4000
2018-08-03,30.09000015258789,30.149999618530277,30.049999237060547,30.100000381469727,29.31483268737793,2800
2018-08-07,30.21500015258789,30.299999237060547,30.059999465942383,30.059999465942383,29.27587509155273,4600
2018-08-08,30.075000762939453,30.38500022888184,30.059999465942383,30.229999542236328,29.441444396972656,2600
2018-08-09,30.44499969482422,30.725000381469727,30.44499969482422,30.5,29.704402923583984,3200
2018-08-10,30.5,30.5,30.09499931335449,30.09499931335449,29.309965133666992,1400
2018-08-13,30.25,30.274999618530277,30.25,30.274999618530277,29.48526763916016,800
2018-08-14,30.270000457763672,30.559999465942383,30.270000457763672,30.559999465942383,29.76283264160156,1000
2018-08-15,30.395000457763672,30.51499938964844,30.395000457763672,30.5,29.704402923583984,1600
2018-08-16,30.770000457763672,31.399999618530277,30.770000457763672,31.2450008392334,30.429967880249023,11000
2018-08-17,31.30500030517578,31.75,31.05500030517578,31.729999542236328,30.902313232421875,6400
2018-08-20,31.614999771118164,31.614999771118164,31.024999618530277,31.100000381469727,30.28874397277832,6200
2018-08-21,31.350000381469727,31.350000381469727,31.34499931335449,31.34499931335449,30.52735710144043,1200
2018-08-22,31.34000015258789,32.04999923706055,31.34000015258789,31.875,31.043533325195312,15600
2018-08-23,31.71999931335449,31.71999931335449,31.31999969482422,31.31999969482422,30.503007888793945,2600
2018-08-24,31.299999237060547,31.299999237060547,31.11000061035156,31.11000061035156,30.29848861694336,1200
2018-08-27,30.09000015258789,31.575000762939453,30.09000015258789,31.530000686645508,30.7075309753418,8000
2018-08-28,31.57999992370605,31.57999992370605,31.045000076293945,31.30500030517578,30.4884033203125,2400
2018-08-29,31.295000076293945,31.649999618530277,31.155000686645508,31.5049991607666,30.683185577392575,6200
2018-08-30,31.78499984741211,31.905000686645508,31.75,31.75,30.92179298400879,3200
2018-08-31,31.75,31.75,31.44499969482422,31.475000381469727,30.65396499633789,2400
2018-09-04,31.354999542236328,31.6299991607666,31.354999542236328,31.575000762939453,30.75135612487793,7600
2018-09-05,31.25,31.799999237060547,31.25,31.59499931335449,30.77083969116211,3600
2018-09-06,32.755001068115234,33.5,32.755001068115234,33.150001525878906,32.2852783203125,21200
2018-09-07,33.10499954223633,33.2599983215332,32.875,33.17499923706055,32.309627532958984,8800
2018-09-10,33.290000915527344,33.5,33.05500030517578,33.125,32.26091766357422,4600
2018-09-11,33.20000076293945,33.5099983215332,33.20000076293945,33.375,32.50440216064453,6200
2018-09-12,33.375,33.375,33.125,33.150001525878906,32.2852783203125,5800
2018-09-13,33.0,33.04999923706055,33.0,33.04999923706055,32.23650360107422,1000
2018-09-14,32.790000915527344,32.790000915527344,32.654998779296875,32.76499938964844,31.95852279663086,6000
2018-09-17,32.83000183105469,33.20000076293945,32.83000183105469,33.07500076293945,32.26088333129883,41800
2018-09-18,32.98500061035156,33.375,32.98500061035156,33.375,32.55350875854492,8600
2018-09-19,32.52000045776367,33.3849983215332,32.52000045776367,32.9900016784668,32.177982330322266,18800
2018-09-20,32.95500183105469,33.029998779296875,32.92499923706055,32.95000076293945,32.13896942138672,4600
2018-09-21,33.005001068115234,33.005001068115234,32.79499816894531,32.79499816894531,31.987773895263672,2000
2018-09-24,32.810001373291016,32.810001373291016,32.35499954223633,32.625,31.82196807861328,9400
2018-09-25,32.75,32.85499954223633,32.599998474121094,32.599998474121094,31.79757499694824,4800
2018-09-26,32.58000183105469,32.849998474121094,32.58000183105469,32.69499969482422,31.89024353027344,26000
2018-09-27,32.6150016784668,32.91999816894531,32.54499816894531,32.63999938964844,31.83659553527832,5200
2018-09-28,32.599998474121094,32.599998474121094,32.21500015258789,32.435001373291016,31.636642456054688,7200
2018-10-01,32.42499923706055,32.6349983215332,31.665000915527344,31.76000022888184,30.978254318237305,11400
2018-10-02,31.815000534057617,32.185001373291016,31.665000915527344,32.119998931884766,31.329389572143555,7400
2018-10-03,32.189998626708984,32.38999938964844,31.70499992370605,31.739999771118164,30.958749771118164,5200
2018-10-04,31.5049991607666,31.5049991607666,31.020000457763672,31.424999237060547,30.65150451660156,9000
2018-10-05,31.51000022888184,31.51000022888184,31.045000076293945,31.125,30.35888290405273,7200
2018-10-09,31.125,31.239999771118164,31.125,31.200000762939453,30.43204116821289,1600
2018-10-10,31.145000457763672,31.25,30.46500015258789,30.56999969482422,29.81754302978516,8200
2018-10-11,29.82999992370605,31.045000076293945,29.825000762939453,30.84000015258789,30.08090209960937,12600
2018-10-12,30.799999237060547,31.165000915527344,30.655000686645508,30.959999084472656,30.197948455810547,6600
2018-10-15,30.94499969482422,31.040000915527344,30.864999771118164,31.020000457763672,30.2564754486084,2600
2018-10-16,31.100000381469727,31.100000381469727,31.06999969482422,31.06999969482422,30.30524063110352,1000
2018-10-17,31.604999542236328,31.604999542236328,30.899999618530277,30.9950008392334,30.232086181640625,13400
2018-10-18,31.049999237060547,31.075000762939453,30.424999237060547,30.55500030517578,29.80291557312012,5800
2018-10-19,30.63999938964844,30.84000015258789,30.604999542236328,30.76499938964844,30.00774574279785,5600
2018-10-22,30.6299991607666,30.915000915527344,30.6299991607666,30.875,30.11503791809082,4000
2018-10-23,30.43000030517578,30.924999237060547,30.405000686645508,30.815000534057617,30.056520462036133,2200
2018-10-24,30.815000534057617,30.815000534057617,30.34000015258789,30.375,29.627351760864254,4400
2018-10-25,30.274999618530277,30.875,30.274999618530277,30.815000534057617,30.056520462036133,2400
2018-10-26,30.78499984741211,30.78499984741211,30.09499931335449,30.295000076293945,29.54931640625,6200
2018-10-29,30.295000076293945,30.540000915527344,30.2549991607666,30.350000381469727,29.60296058654785,5000
2018-10-30,30.309999465942383,31.174999237060547,30.309999465942383,31.174999237060547,30.40765380859375,5400
2018-10-31,31.32999992370605,31.684999465942383,31.32999992370605,31.51499938964844,30.739282608032227,5200
2018-11-01,31.5,31.799999237060547,31.5,31.6200008392334,30.841703414916992,800
2018-11-02,31.614999771118164,32.220001220703125,31.614999771118164,32.095001220703125,31.30501365661621,4800
2018-11-05,32.08000183105469,32.630001068115234,32.04999923706055,32.40999984741211,31.61225891113281,15800
2018-11-06,32.44499969482422,32.4900016784668,32.25,32.46500015258789,31.66590118408203,6600
2018-11-07,32.64500045776367,33.130001068115234,32.46500015258789,33.130001068115234,32.31452941894531,7400
2018-11-08,32.94499969482422,33.125,32.94499969482422,33.125,32.30965805053711,2000
2018-11-09,33.04999923706055,33.400001525878906,32.98500061035156,33.400001525878906,32.5778923034668,5800
2018-11-12,33.20000076293945,33.25,33.15999984741211,33.25,32.431583404541016,2200
2018-11-13,33.095001220703125,33.3849983215332,33.025001525878906,33.380001068115234,32.558380126953125,4400
2018-11-14,33.404998779296875,33.650001525878906,33.404998779296875,33.54999923706055,32.72419738769531,6200
2018-11-15,33.28499984741211,33.28499984741211,32.689998626708984,32.92499923706055,32.11458206176758,3200
2018-11-16,32.560001373291016,33.125,32.560001373291016,32.8849983215332,32.075557708740234,2200
2018-11-19,33.0,33.0,32.599998474121094,32.650001525878906,31.84635353088379,1600
2018-11-20,32.474998474121094,32.474998474121094,32.15999984741211,32.185001373291016,31.39279556274414,11400
2018-11-21,32.0,32.654998779296875,32.0,32.654998779296875,31.851226806640625,2200
2018-11-22,32.869998931884766,33.0,32.6349983215332,32.65999984741211,31.856101989746094,2200
2018-11-23,32.3849983215332,33.375,32.3849983215332,32.92499923706055,32.11458206176758,3400
2018-11-26,33.0,33.25,32.92499923706055,33.25,32.431583404541016,11200
2018-11-27,33.4900016784668,33.4900016784668,32.724998474121094,32.8650016784668,32.056060791015625,10400
2018-11-28,33.900001525878906,34.529998779296875,33.8650016784668,34.525001525878906,33.67519760131836,23400
2018-11-29,34.56999969482422,35.0,34.54999923706055,34.970001220703125,34.10924530029297,17000
2018-11-30,35.08000183105469,35.125,34.67499923706055,34.95000076293945,34.08974075317383,17200
2018-12-03,35.20500183105469,35.400001525878906,34.5099983215332,34.77000045776367,33.91416931152344,6200
2018-12-04,34.994998931884766,35.25,34.44499969482422,34.52000045776367,33.67032241821289,3000
2018-12-05,34.54999923706055,34.654998779296875,34.349998474121094,34.44499969482422,33.645904541015625,5200
2018-12-06,34.185001373291016,34.525001525878906,33.790000915527344,34.470001220703125,33.67032241821289,5600
2018-12-07,34.2400016784668,34.380001068115234,33.415000915527344,33.415000915527344,32.63979721069336,3400
2018-12-10,33.415000915527344,33.584999084472656,33.40999984741211,33.48500061035156,32.70817565917969,2200
2018-12-11,34.665000915527344,34.75,34.349998474121094,34.42499923706055,33.6263542175293,6400
2018-12-12,34.625,34.720001220703125,33.994998931884766,34.0,33.21122360229492,2400
2018-12-13,34.099998474121094,34.099998474121094,33.974998474121094,33.974998474121094,33.186798095703125,1000
2018-12-14,33.834999084472656,33.834999084472656,33.44499969482422,33.54999923706055,32.771663665771484,1400
2018-12-17,33.334999084472656,33.380001068115234,33.224998474121094,33.224998474121094,32.454200744628906,3200
2018-12-18,33.29499816894531,33.974998474121094,33.29499816894531,33.5,32.72282409667969,3200
2018-12-19,33.494998931884766,34.125,32.95000076293945,33.025001525878906,32.25884246826172,5200
2018-12-20,32.96500015258789,33.07500076293945,32.564998626708984,32.81999969482422,32.05860137939453,3800
2018-12-21,33.04499816894531,33.27000045776367,32.70000076293945,32.81999969482422,32.05860137939453,3600
2018-12-24,32.72999954223633,32.970001220703125,32.72999954223633,32.8849983215332,32.12208938598633,2800
2018-12-27,32.869998931884766,33.849998474121094,32.8650016784668,33.849998474121094,33.064701080322266,1600
2018-12-28,34.09000015258789,34.099998474121094,33.95000076293945,33.96500015258789,33.17703628540039,2200
2018-12-31,34.36000061035156,34.36000061035156,33.45000076293945,33.974998474121094,33.186798095703125,3200
2019-01-02,33.380001068115234,34.0,33.29499816894531,34.0,33.21122360229492,1800
2019-01-03,33.11000061035156,33.95500183105469,32.75,32.98500061035156,32.21977233886719,6400
2019-01-04,33.099998474121094,33.92499923706055,33.099998474121094,33.709999084472656,32.92794418334961,2400
2019-01-07,33.845001220703125,34.6150016784668,33.66999816894531,34.6150016784668,33.81196212768555,7200
2019-01-08,34.8849983215332,35.23500061035156,34.83000183105469,35.23500061035156,34.417572021484375,5000
2019-01-09,35.220001220703125,35.6150016784668,35.06999969482422,35.400001525878906,34.5787467956543,3000
2019-01-10,35.290000915527344,35.625,35.005001068115234,35.314998626708984,34.49571990966797,3000
2019-01-11,35.185001373291016,35.900001525878906,35.185001373291016,35.5,34.67642593383789,5400
2019-01-14,35.5,35.970001220703125,35.375,35.970001220703125,35.13552474975586,9000
2019-01-15,35.994998931884766,36.1150016784668,35.98500061035156,35.98500061035156,35.150177001953125,3800
2019-01-16,35.98500061035156,36.0,35.619998931884766,35.814998626708984,34.98411560058594,2800
2019-01-17,35.709999084472656,36.025001525878906,35.70500183105469,35.900001525878906,35.0671501159668,1400
2019-01-18,35.92499923706055,36.150001525878906,35.7599983215332,35.915000915527344,35.08179473876953,3400
2019-01-21,35.720001220703125,35.974998474121094,35.5099983215332,35.7599983215332,34.930397033691406,3000
2019-01-22,35.6150016784668,35.875,35.5,35.5,34.67642593383789,2400
2019-01-23,35.619998931884766,35.724998474121094,35.58000183105469,35.724998474121094,34.896202087402344,1800
2019-01-24,35.70500183105469,35.849998474121094,35.42499923706055,35.64500045776367,34.81806564331055,1600
2019-01-25,36.494998931884766,36.494998931884766,35.09000015258789,35.150001525878906,34.33454895019531,6600
2019-01-28,35.064998626708984,35.474998474121094,35.064998626708984,35.27000045776367,34.451759338378906,3400
2019-01-29,35.45000076293945,35.720001220703125,35.0,35.65999984741211,34.83271789550781,5800
2019-01-30,35.599998474121094,35.599998474121094,35.224998474121094,35.45000076293945,34.62759017944336,2800
2019-01-31,35.65999984741211,35.65999984741211,35.65999984741211,35.65999984741211,34.83271789550781,800
2019-02-01,35.775001525878906,35.95000076293945,35.665000915527344,35.665000915527344,34.83760070800781,1600
2019-02-04,35.66999816894531,36.14500045776367,35.66999816894531,36.04999923706055,35.21366500854492,2800
2019-02-05,36.244998931884766,36.75,36.244998931884766,36.650001525878906,35.79974365234375,1400
2019-02-06,36.34000015258789,36.650001525878906,36.34000015258789,36.650001525878906,35.79974365234375,1600
2019-02-07,36.68000030517578,37.0,36.63999938964844,37.0,36.14162063598633,1800
2019-02-08,37.09999847412109,37.09999847412109,36.75,36.98500061035156,36.1269760131836,2800
2019-02-11,37.02999877929688,37.07500076293945,36.720001220703125,36.720001220703125,35.86812973022461,3600
2019-02-12,36.59999847412109,36.77999877929688,36.185001373291016,36.755001068115234,35.902313232421875,5800
2019-02-13,36.79999923706055,36.79999923706055,36.650001525878906,36.75,35.897430419921875,4400
2019-02-14,37.375,37.375,36.650001525878906,36.900001525878906,36.0439453125,5400
2019-02-15,36.869998931884766,37.185001373291016,36.869998931884766,37.185001373291016,36.32233428955078,1800
2019-02-19,36.54499816894531,36.720001220703125,36.53499984741211,36.650001525878906,35.79974365234375,3800
2019-02-20,37.43999862670898,37.43999862670898,36.5099983215332,36.6349983215332,35.785099029541016,1600
2019-02-21,36.625,36.625,36.3650016784668,36.3650016784668,35.521358489990234,1600
2019-02-22,36.89500045776367,36.89500045776367,36.540000915527344,36.775001525878906,35.92184066772461,5800
2019-02-25,36.650001525878906,36.95000076293945,36.255001068115234,36.625,35.775333404541016,5400
2019-02-26,36.84999847412109,37.98500061035156,36.84999847412109,37.625,36.75213241577149,8200
2019-02-27,37.59000015258789,37.67499923706055,37.4900016784668,37.67499923706055,36.80097198486328,1600
2019-02-28,37.8650016784668,37.8650016784668,37.13999938964844,37.20000076293945,36.33698654174805,3400
2019-03-01,37.5,38.75,37.5,38.22499847412109,37.33820724487305,5800
2019-03-04,38.25,38.25,37.96500015258789,38.04999923706055,37.16726303100586,3400
2019-03-05,38.07500076293945,38.17499923706055,37.89500045776367,38.17499923706055,37.289363861083984,3800
2019-03-06,38.17499923706055,38.290000915527344,38.17499923706055,38.290000915527344,37.40169906616211,2200
2019-03-07,38.04999923706055,38.150001525878906,37.77000045776367,38.09999847412109,37.21610641479492,3400
2019-03-08,38.494998931884766,38.494998931884766,37.54999923706055,37.6150016784668,36.74236297607422,3200
2019-03-11,37.68000030517578,37.90499877929688,37.59000015258789,37.59000015258789,36.71794509887695,2200
2019-03-12,37.5,37.75,37.43999862670898,37.56999969482422,36.69839859008789,1400
2019-03-13,37.45000076293945,37.4900016784668,37.400001525878906,37.400001525878906,36.5323486328125,1000
2019-03-14,37.56999969482422,37.56999969482422,37.3849983215332,37.3849983215332,36.517696380615234,400
2019-03-15,37.4900016784668,37.5,36.92499923706055,37.04999923706055,36.19047546386719,7600
2019-03-18,37.20500183105469,37.209999084472656,37.005001068115234,37.1349983215332,36.27349090576172,4000
2019-03-19,37.05500030517578,37.05500030517578,36.29999923706055,36.29999923706055,35.45786666870117,4600
2019-03-20,35.60499954223633,36.25,35.599998474121094,36.185001373291016,35.34553909301758,13600
2019-03-21,36.03499984741211,36.22499847412109,35.43000030517578,35.91999816894531,35.08668518066406,5000
2019-03-22,36.150001525878906,36.47499847412109,36.125,36.47499847412109,35.628807067871094,1600
2019-03-25,36.5,37.709999084472656,36.41999816894531,37.665000915527344,36.791202545166016,27200
2019-03-26,37.65499877929688,37.7599983215332,37.525001525878906,37.72999954223633,36.85469436645508,4400
2019-03-27,37.75,38.76499938964844,37.72999954223633,38.76499938964844,37.92850875854492,25200
2019-03-28,38.685001373291016,39.275001525878906,38.685001373291016,39.275001525878906,38.42750549316406,5600
2019-03-29,39.53499984741211,39.53499984741211,39.09999847412109,39.47999954223633,38.62808990478516,3000
2019-04-01,39.5,39.5,39.18000030517578,39.32500076293945,38.4764289855957,4000
2019-04-02,39.130001068115234,39.94499969482422,39.09999847412109,39.94499969482422,39.08304214477539,8600
2019-04-03,39.755001068115234,39.755001068115234,39.53499984741211,39.64500045776367,38.78952407836914,3200
2019-04-04,39.630001068115234,40.150001525878906,39.625,40.150001525878906,39.28361892700195,11000
2019-04-05,40.36000061035156,40.3650016784668,39.93000030517578,40.27999877929688,39.41081619262695,2200
2019-04-08,39.90499877929688,40.165000915527344,39.900001525878906,40.165000915527344,39.298301696777344,2800
2019-04-09,40.32500076293945,40.5,40.25,40.3650016784668,39.493988037109375,1400
2019-04-10,40.32500076293945,40.560001373291016,40.32500076293945,40.560001373291016,39.68478012084961,2200
2019-04-11,40.77999877929688,40.8849983215332,40.255001068115234,40.47499847412109,39.60161209106445,9600
2019-04-12,40.77000045776367,41.04499816894531,40.36000061035156,41.04499816894531,40.15930938720703,8200
2019-04-15,40.875,41.0,40.59999847412109,40.76499938964844,39.88535690307617,18400
2019-04-16,41.185001373291016,41.185001373291016,40.494998931884766,40.54999923706055,39.67498779296875,7800
2019-04-17,40.5,40.5,39.26499938964844,39.47999954223633,38.62808990478516,12600
2019-04-18,39.584999084472656,39.63999938964844,39.5,39.63999938964844,38.78462219238281,5800
2019-04-22,39.5,39.79999923706055,39.5,39.65999984741211,38.804195404052734,3000
2019-04-23,39.650001525878906,40.0,39.5,39.630001068115234,38.77484893798828,3200
2019-04-24,39.540000915527344,39.540000915527344,39.31499862670898,39.52000045776367,38.66722106933594,4400
2019-04-25,39.345001220703125,39.52000045776367,39.345001220703125,39.52000045776367,38.66722106933594,2000
2019-04-26,39.52000045776367,39.61000061035156,39.4900016784668,39.595001220703125,38.7406005859375,2000
2019-04-29,39.540000915527344,39.584999084472656,39.005001068115234,39.584999084472656,38.73081588745117,3600
2019-04-30,39.459999084472656,39.59999847412109,39.31499862670898,39.59999847412109,38.745487213134766,7000
2019-05-01,39.54999923706055,39.56499862670898,39.47499847412109,39.56499862670898,38.71124267578125,1200
2019-05-02,39.51499938964844,39.63999938964844,39.51499938964844,39.63999938964844,38.78462219238281,2800
2019-05-03,39.59000015258789,39.70000076293945,39.48500061035156,39.525001525878906,38.67211532592773,2200
2019-05-06,39.29499816894531,39.67499923706055,39.29499816894531,39.60499954223633,38.7503776550293,1400
2019-05-07,39.60499954223633,39.75,39.58000183105469,39.75,38.89225387573242,2000
2019-05-08,39.720001220703125,39.95500183105469,39.619998931884766,39.95500183105469,39.09283828735352,3800
2019-05-09,39.78499984741211,40.70500183105469,39.78499984741211,40.650001525878906,39.77283477783203,8000
2019-05-10,40.125,40.72499847412109,40.125,40.42499923706055,39.55268478393555,5800
2019-05-13,39.959999084472656,40.57500076293945,39.959999084472656,40.57500076293945,39.6994514465332,13600
2019-05-14,39.625,40.90999984741211,39.625,40.90999984741211,40.027225494384766,8400
2019-05-15,41.05500030517578,41.845001220703125,41.05500030517578,41.81499862670898,40.91269302368164,7800
2019-05-16,41.81499862670898,41.91999816894531,41.375,41.91999816894531,41.015438079833984,3000
2019-05-17,42.0,42.334999084472656,42.0,42.29999923706055,41.38722610473633,13600
2019-05-21,41.790000915527344,42.02999877929688,41.775001525878906,41.97499847412109,41.06924057006836,3600
2019-05-22,41.97499847412109,42.59999847412109,41.97499847412109,42.59999847412109,41.68075180053711,2000
2019-05-23,42.619998931884766,42.78499984741211,42.6150016784668,42.78499984741211,41.86177062988281,1000
2019-05-24,42.56499862670898,42.56499862670898,42.18000030517578,42.3849983215332,41.47039413452149,3000
2019-05-27,42.255001068115234,42.665000915527344,42.255001068115234,42.665000915527344,41.74435424804688,1800
2019-05-28,42.7599983215332,42.97499847412109,42.7599983215332,42.97499847412109,42.04765701293945,600
2019-05-29,43.4900016784668,43.4900016784668,41.53499984741211,41.625,40.72679901123047,2600
2019-05-30,41.5,42.025001525878906,41.5,41.83000183105469,40.9273796081543,5200
2019-05-31,41.8849983215332,41.8849983215332,41.31499862670898,41.53499984741211,40.63874053955078,4400
2019-06-03,40.93000030517578,41.93000030517578,40.93000030517578,41.77000045776367,40.86866760253906,3000
2019-06-04,41.505001068115234,42.07500076293945,41.505001068115234,42.07500076293945,41.167083740234375,3200
2019-06-05,42.625,43.1349983215332,42.59000015258789,42.59000015258789,41.67097091674805,5600
2019-06-06,43.20000076293945,43.29999923706055,42.59999847412109,42.59999847412109,41.68075180053711,10600
2019-06-07,43.4900016784668,43.494998931884766,42.72499847412109,42.78499984741211,41.86177062988281,3000
2019-06-10,43.165000915527344,43.40499877929688,43.165000915527344,43.34999847412109,42.4145736694336,49800
2019-06-11,43.5,43.75,43.25,43.29999923706055,42.36565399169922,8600
2019-06-12,43.060001373291016,43.709999084472656,43.060001373291016,43.650001525878906,42.70810317993164,2400
2019-06-13,44.125,44.125,42.77999877929688,43.0099983215332,42.0819091796875,4200
2019-06-14,43.15499877929688,43.15499877929688,43.01499938964844,43.01499938964844,42.08680725097656,3600
2019-06-17,43.25,43.81499862670898,43.2400016784668,43.81499862670898,42.86954116821289,3200
2019-06-18,43.369998931884766,44.05500030517578,43.369998931884766,44.05500030517578,43.10436248779297,4800
2019-06-19,44.34999847412109,44.34999847412109,43.86000061035156,43.92499923706055,42.9771614074707,1600
2019-06-20,43.47499847412109,43.5,42.41999816894531,42.69499969482422,41.77370834350586,7600
2019-06-21,42.55500030517578,42.55500030517578,41.34999847412109,41.34999847412109,40.45772933959961,5600
2019-06-24,41.35499954223633,42.0,41.29499816894531,41.93999862670898,41.03499984741211,5000
2019-06-25,41.57500076293945,41.57500076293945,41.57500076293945,41.57500076293945,40.67787170410156,800
2019-06-26,41.97999954223633,41.97999954223633,40.994998931884766,40.994998931884766,40.110389709472656,5800
2019-06-27,41.0,41.75,41.0,41.75,40.84910202026367,3800
2019-06-28,41.130001068115234,41.34999847412109,40.54999923706055,41.244998931884766,40.3549919128418,9400
2019-07-02,41.30500030517578,41.459999084472656,40.7400016784668,41.41999816894531,40.52622604370117,8000
2019-07-03,41.994998931884766,42.75,41.994998931884766,42.650001525878906,41.72968673706055,9000
2019-07-04,42.5,42.5,42.16999816894531,42.27999877929688,41.36765670776367,3200
2019-07-05,42.16999816894531,42.18000030517578,41.56999969482422,41.79999923706055,40.89801788330078,4000
2019-07-08,41.775001525878906,41.775001525878906,41.400001525878906,41.67499923706055,40.77571487426758,5200
2019-07-09,42.0,42.369998931884766,41.84000015258789,42.025001525878906,41.11816787719727,3800
2019-07-10,41.86000061035156,42.97999954223633,41.005001068115234,42.89500045776367,41.96939468383789,9200
2019-07-11,42.97999954223633,42.97999954223633,42.10499954223633,42.41999816894531,41.504642486572266,4200
2019-07-12,42.494998931884766,42.525001525878906,41.96500015258789,41.96500015258789,41.05946731567383,2200
2019-07-15,41.505001068115234,41.505001068115234,41.20500183105469,41.45000076293945,40.555572509765625,2600
2019-07-16,41.005001068115234,41.54999923706055,40.75,41.54999923706055,40.653411865234375,9600
2019-07-17,41.5099983215332,41.5099983215332,40.810001373291016,40.810001373291016,39.989532470703125,3000
2019-07-18,40.51499938964844,40.51499938964844,39.73500061035156,39.84999847412109,39.04883193969727,28200
2019-07-19,39.91999816894531,40.0,39.584999084472656,39.82500076293945,39.02434158325195,5000
2019-07-22,39.790000915527344,39.880001068115234,39.685001373291016,39.810001373291016,39.0096435546875,7600
2019-07-23,40.244998931884766,40.57500076293945,40.244998931884766,40.52000045776367,39.70536804199219,3200
2019-07-24,41.38999938964844,41.38999938964844,40.02000045776367,41.025001525878906,40.20020294189453,7200
2019-07-25,41.040000915527344,41.040000915527344,40.77000045776367,40.875,40.05323028564453,5000
2019-07-26,41.0,41.67499923706055,41.0,41.67499923706055,40.83713912963867,3600
2019-07-29,41.76499938964844,41.76499938964844,41.275001525878906,41.32500076293945,40.49418258666992,3400
2019-07-30,41.28499984741211,41.28499984741211,40.915000915527344,41.15499877929688,40.32759475708008,2800
2019-07-31,41.025001525878906,41.025001525878906,40.2400016784668,40.57500076293945,39.75926208496094,15400
2019-08-01,40.46500015258789,41.03499984741211,40.46500015258789,40.54999923706055,39.73476028442383,15200
2019-08-02,40.459999084472656,40.540000915527344,40.459999084472656,40.540000915527344,39.72496032714844,2000
2019-08-06,40.01499938964844,40.650001525878906,40.01499938964844,40.650001525878906,39.83274841308594,4200
2019-08-07,40.58000183105469,41.125,40.54999923706055,41.125,40.29819869995117,3000
2019-08-08,41.31499862670898,41.72999954223633,41.15499877929688,41.45000076293945,40.61666488647461,4800
2019-08-09,41.3650016784668,41.4900016784668,40.95000076293945,41.400001525878906,40.56766891479492,3800
2019-08-12,41.400001525878906,41.79499816894531,41.060001373291016,41.22999954223633,40.40108489990234,2200
2019-08-13,41.18999862670898,41.619998931884766,41.18999862670898,41.619998931884766,40.78325271606445,2600
2019-08-14,41.22499847412109,41.22499847412109,40.82500076293945,40.959999084472656,40.13651657104492,2600
2019-08-15,40.9900016784668,41.334999084472656,40.9900016784668,41.22499847412109,40.39619064331055,3400
2019-08-16,41.505001068115234,41.69499969482422,41.31999969482422,41.69499969482422,40.85674285888672,4000
2019-08-19,41.79499816894531,41.83000183105469,41.560001373291016,41.685001373291016,40.846946716308594,4800
2019-08-20,41.02999877929688,41.060001373291016,40.75,40.84000015258789,40.0189323425293,4600
2019-08-21,41.525001525878906,41.525001525878906,40.35499954223633,40.66999816894531,39.85234069824219,1600
2019-08-22,40.6349983215332,40.6349983215332,40.0,40.18999862670898,39.38199996948242,4000
2019-08-23,40.334999084472656,40.334999084472656,39.619998931884766,39.71500015258789,38.91654586791992,5600
2019-08-26,39.935001373291016,40.084999084472656,39.935001373291016,40.07500076293945,39.26931381225586,1600
2019-08-27,40.5,41.03499984741211,40.494998931884766,41.03499984741211,40.21001052856445,2600
2019-08-28,40.845001220703125,41.040000915527344,40.845001220703125,41.040000915527344,40.21491622924805,1400
2019-08-29,41.25,41.68000030517578,41.25,41.650001525878906,40.81264877319336,6200
2019-08-30,41.54999923706055,42.13999938964844,41.375,42.025001525878906,41.18010330200195,7800
2019-09-03,41.5,41.68000030517578,40.625,40.95000076293945,40.1267204284668,12600
2019-09-04,40.95000076293945,41.63999938964844,40.95000076293945,41.334999084472656,40.50396728515625,2200
2019-09-05,42.494998931884766,42.494998931884766,41.07500076293945,41.84999847412109,41.00862884521485,11400
2019-09-06,41.94499969482422,42.77000045776367,41.75,42.72499847412109,41.86603164672852,12400
2019-09-09,43.005001068115234,43.470001220703125,42.72499847412109,43.400001525878906,42.527462005615234,14000
2019-09-10,43.505001068115234,43.505001068115234,42.93000030517578,43.375,42.502967834472656,4600
2019-09-11,43.060001373291016,43.310001373291016,42.79999923706055,43.125,42.25798797607422,5400
2019-09-12,43.900001525878906,43.900001525878906,42.040000915527344,42.25,41.46067428588867,8800
2019-09-13,42.150001525878906,42.38999938964844,41.66999816894531,41.71500015258789,40.9356689453125,6400
2019-09-16,41.70000076293945,41.70000076293945,40.06499862670898,40.06499862670898,39.31649398803711,14200
2019-09-17,40.52000045776367,40.880001068115234,40.40499877929688,40.625,39.86602783203125,16400
2019-09-18,40.380001068115234,40.7400016784668,40.380001068115234,40.64500045776367,39.88566207885742,10400
2019-09-19,40.85499954223633,41.7400016784668,40.85499954223633,41.59999847412109,40.82281494140625,14200
2019-09-20,41.744998931884766,42.09000015258789,41.125,41.42499923706055,40.65108489990234,4400
2019-09-23,41.5099983215332,41.59000015258789,41.34999847412109,41.560001373291016,40.7835693359375,1800
2019-09-24,41.59999847412109,42.27000045776367,41.45000076293945,41.45000076293945,40.67562103271485,10200
2019-09-25,41.400001525878906,41.400001525878906,40.98500061035156,41.025001525878906,40.2585563659668,5800
2019-09-26,41.275001525878906,41.39500045776367,40.875,41.04999923706055,40.28308868408203,4000
2019-09-27,41.54499816894531,41.54499816894531,40.21500015258789,40.5,39.74336624145508,7200
2019-09-30,41.0,41.20000076293945,40.75,40.75,39.98869705200195,14100
2019-10-01,41.15999984741211,41.18999862670898,40.310001373291016,40.45000076293945,39.69430160522461,10100
2019-10-02,40.43000030517578,40.47999954223633,40.290000915527344,40.40999984741211,39.655052185058594,3400
2019-10-03,40.86000061035156,41.34999847412109,40.84999847412109,41.2400016784668,40.46954727172852,4300
2019-10-04,41.540000915527344,41.540000915527344,40.650001525878906,40.79999923706055,40.03775787353516,8300
2019-10-07,40.7599983215332,40.7599983215332,40.290000915527344,40.56999969482422,39.81205749511719,4400
2019-10-08,40.75,40.75,40.0,40.25,39.4980354309082,5100
2019-10-09,40.0,41.09999847412109,40.0,41.09999847412109,40.33216094970703,3900
2019-10-10,41.2400016784668,41.2400016784668,40.0,40.2400016784668,39.48822021484375,3200
2019-10-11,39.2400016784668,40.27999877929688,39.2400016784668,39.59999847412109,38.86017990112305,4800
2019-10-15,40.0099983215332,40.04999923706055,39.56999969482422,39.709999084472656,38.96811676025391,7500
2019-10-16,39.7599983215332,40.09000015258789,39.45000076293945,39.77000045776367,39.02700424194336,2800
2019-10-17,40.0,40.0,39.20000076293945,39.400001525878906,38.66391754150391,3300
2019-10-18,39.58000183105469,39.58000183105469,38.93000030517578,39.22999954223633,38.49708938598633,4300
2019-10-21,39.11000061035156,39.43000030517578,39.04999923706055,39.43000030517578,38.69336318969727,2500
2019-10-22,39.43000030517578,39.59999847412109,39.09999847412109,39.34000015258789,38.60503768920898,2000
2019-10-23,39.18999862670898,39.75,39.18999862670898,39.75,39.00737762451172,2300
2019-10-24,39.209999084472656,39.41999816894531,39.119998931884766,39.27000045776367,38.53634262084961,3400
2019-10-25,39.27000045776367,40.0,39.27000045776367,40.0,39.25270462036133,4400
2019-10-28,39.45000076293945,40.08000183105469,39.34999847412109,39.34999847412109,38.61485290527344,4500
2019-10-29,39.5,39.619998931884766,39.02999877929688,39.400001525878906,38.66391754150391,8500
2019-10-30,39.43999862670898,39.470001220703125,39.150001525878906,39.45000076293945,38.712982177734375,2300
2019-10-31,39.5,39.790000915527344,39.20000076293945,39.65999984741211,38.9190673828125,3700
2019-11-01,39.630001068115234,40.09999847412109,39.630001068115234,39.77000045776367,39.02700424194336,2300
2019-11-04,40.119998931884766,40.119998931884766,39.08000183105469,39.220001220703125,38.487281799316406,7700
2019-11-05,39.25,39.41999816894531,38.540000915527344,39.41999816894531,38.68354034423828,7000
2019-11-06,39.41999816894531,40.4900016784668,39.41999816894531,40.4900016784668,39.73355102539063,4200
2019-11-07,40.66999816894531,40.86000061035156,40.20000076293945,40.2599983215332,39.50784683227539,5500
2019-11-08,40.83000183105469,40.83000183105469,39.83000183105469,40.09999847412109,39.35084533691406,2700
2019-11-11,39.52000045776367,40.34000015258789,39.52000045776367,40.34000015258789,39.58636093139648,3500
2019-11-12,40.4900016784668,40.52000045776367,40.36000061035156,40.380001068115234,39.625606536865234,2300
2019-11-13,40.380001068115234,40.93999862670898,40.380001068115234,40.59999847412109,39.841495513916016,2900
2019-11-14,40.9900016784668,40.9900016784668,40.310001373291016,40.900001525878906,40.13589477539063,6000
2019-11-15,41.0,41.459999084472656,40.91999816894531,41.459999084472656,40.685428619384766,4500
2019-11-18,41.29999923706055,41.95000076293945,41.29999923706055,41.95000076293945,41.166282653808594,6600
2019-11-19,41.75,42.150001525878906,41.75,42.150001525878906,41.3625373840332,5000
2019-11-20,42.18000030517578,42.18000030517578,41.79999923706055,41.79999923706055,41.019081115722656,4300
2019-11-21,41.11000061035156,41.75,41.11000061035156,41.7400016784668,40.96020126342773,4100
2019-11-22,41.5,41.59999847412109,41.29999923706055,41.52999877929688,40.75412368774414,2100
2019-11-25,41.02999877929688,43.209999084472656,41.02999877929688,43.09999847412109,42.29479217529297,12100
2019-11-26,43.77000045776367,43.77000045776367,42.9900016784668,43.5099983215332,42.69712829589844,11200
2019-11-27,43.9900016784668,44.59000015258789,43.09999847412109,44.59000015258789,43.7569580078125,12600
2019-11-28,44.59000015258789,44.59000015258789,43.79999923706055,43.90999984741211,43.08966445922852,9600
2019-11-29,44.0,44.0,43.54999923706055,43.66999816894531,42.854148864746094,3900
2019-12-02,43.5,43.93999862670898,43.5,43.619998931884766,42.80507659912109,10800
2019-12-03,43.5,43.75,42.84999847412109,43.70000076293945,42.883583068847656,6000
2019-12-04,43.560001373291016,43.560001373291016,42.540000915527344,42.869998931884766,42.12934494018555,4900
2019-12-05,43.09999847412109,43.290000915527344,42.4900016784668,43.08000183105469,42.33571243286133,4900
2019-12-06,43.59000015258789,43.9900016784668,43.47999954223633,43.90999984741211,43.15138244628906,5000
2019-12-09,43.81999969482422,43.84000015258789,43.22999954223633,43.29999923706055,42.55191421508789,4500
2019-12-10,43.29999923706055,43.720001220703125,43.29999923706055,43.5099983215332,42.7582893371582,1400
2019-12-11,43.720001220703125,43.720001220703125,42.90999984741211,43.29999923706055,42.55191421508789,3200
2019-12-12,43.45000076293945,43.66999816894531,43.11000061035156,43.34999847412109,42.60104751586914,3100
2019-12-13,43.02000045776367,43.130001068115234,42.68000030517578,43.04999923706055,42.30623626708984,3900
2019-12-16,42.790000915527344,42.79999923706055,42.36000061035156,42.7599983215332,42.021240234375,2900
2019-12-17,43.470001220703125,43.47999954223633,42.45000076293945,43.130001068115234,42.384857177734375,3700
2019-12-18,43.130001068115234,43.130001068115234,42.130001068115234,42.27000045776367,41.53971099853516,4000
2019-12-19,42.18999862670898,42.459999084472656,41.900001525878906,42.25,41.52005386352539,4500
2019-12-20,42.150001525878906,42.54999923706055,41.4900016784668,41.4900016784668,40.77318572998047,17500
2019-12-23,42.09999847412109,42.38999938964844,42.09999847412109,42.20000076293945,41.47091674804688,3700
2019-12-24,42.209999084472656,42.41999816894531,42.119998931884766,42.41999816894531,41.68711853027344,2000
2019-12-27,42.45000076293945,42.45000076293945,41.970001220703125,42.220001220703125,41.49057769775391,3500
2019-12-30,42.29999923706055,42.29999923706055,41.5,41.619998931884766,40.90093612670898,3500
2019-12-31,41.43000030517578,41.45000076293945,40.75,41.380001068115234,40.66508865356445,6900
2020-01-02,41.380001068115234,42.18999862670898,41.380001068115234,42.18999862670898,41.46109008789063,3700
2020-01-03,41.84999847412109,41.869998931884766,41.369998931884766,41.869998931884766,41.1466178894043,4000
2020-01-06,41.20000076293945,42.2400016784668,41.20000076293945,42.150001525878906,41.42178726196289,3600
2020-01-07,42.68999862670898,42.84000015258789,42.58000183105469,42.810001373291016,42.07038116455078,4900
2020-01-08,42.869998931884766,43.59999847412109,42.75,43.400001525878906,42.650184631347656,8600
2020-01-09,43.310001373291016,44.2599983215332,43.310001373291016,44.08000183105469,43.31843566894531,7300
2020-01-10,44.0099983215332,44.66999816894531,43.29999923706055,43.400001525878906,42.650184631347656,4100
2020-01-13,43.5,43.5,43.0099983215332,43.25,42.502777099609375,3700
2020-01-14,42.72999954223633,43.9900016784668,42.72999954223633,43.9900016784668,43.2299919128418,9400
2020-01-15,43.86000061035156,44.119998931884766,43.20000076293945,44.119998931884766,43.35774230957031,5200
2020-01-16,44.15999984741211,44.43999862670898,44.040000915527344,44.43999862670898,43.67221832275391,3600
2020-01-17,44.63999938964844,44.65999984741211,44.459999084472656,44.59999847412109,43.8294563293457,5400
2020-01-20,44.59999847412109,44.970001220703125,44.43000030517578,44.970001220703125,44.19306945800781,8300
2020-01-21,44.709999084472656,44.83000183105469,44.380001068115234,44.83000183105469,44.05548095703125,5700
2020-01-22,44.79999923706055,45.0,44.45000076293945,44.59999847412109,43.8294563293457,5100
2020-01-23,44.9900016784668,45.06999969482422,44.5099983215332,44.72999954223633,43.95720672607422,6500
2020-01-24,44.72999954223633,44.72999954223633,44.0099983215332,44.150001525878906,43.387237548828125,2900
2020-01-27,43.77999877929688,45.209999084472656,43.650001525878906,45.209999084472656,44.42891693115234,7600
2020-01-28,45.25,45.25,44.630001068115234,44.900001525878906,44.124267578125,4300
2020-01-29,44.84999847412109,45.040000915527344,44.310001373291016,44.65999984741211,43.88841247558594,3600
2020-01-30,43.59999847412109,44.66999816894531,43.59999847412109,44.41999816894531,43.65256881713867,6300
2020-01-31,44.45000076293945,44.45000076293945,43.95000076293945,44.38999938964844,43.623077392578125,4300
2020-02-03,44.400001525878906,44.84000015258789,44.18000030517578,44.52999877929688,43.76066207885742,4600
2020-02-04,44.97999954223633,45.66999816894531,44.66999816894531,45.41999816894531,44.635284423828125,6200
2020-02-05,45.5,45.5,44.900001525878906,44.95000076293945,44.17341232299805,4800
2020-02-06,45.72999954223633,46.25,45.63999938964844,46.150001525878906,45.35267639160156,4500
2020-02-07,45.65999984741211,45.83000183105469,45.400001525878906,45.790000915527344,44.99889373779297,3200
2020-02-10,45.59999847412109,46.25,45.59999847412109,46.11000061035156,45.3133659362793,2200
2020-02-11,46.040000915527344,46.040000915527344,44.81999969482422,44.81999969482422,44.045654296875,9000
2020-02-12,45.59000015258789,45.59000015258789,43.9900016784668,44.400001525878906,43.63290786743164,8200
2020-02-13,44.560001373291016,44.560001373291016,43.75,44.02000045776367,43.25947952270508,9700
2020-02-14,44.11000061035156,44.45000076293945,44.0,44.22999954223633,43.4658432006836,5400
2020-02-18,44.22999954223633,44.29999923706055,43.900001525878906,44.15999984741211,43.39705657958984,6900
2020-02-19,44.11000061035156,44.290000915527344,44.0,44.290000915527344,43.52481842041016,4000
2020-02-20,44.0,44.400001525878906,43.790000915527344,44.369998931884766,43.603424072265625,3600
2020-02-21,44.16999816894531,44.290000915527344,44.09000015258789,44.18999862670898,43.42653274536133,2500
2020-02-24,43.5,44.0,43.20000076293945,43.869998931884766,43.112064361572266,24800
2020-02-25,42.16999816894531,44.290000915527344,42.16999816894531,43.040000915527344,42.2964096069336,14600
2020-02-26,42.75,43.34999847412109,42.58000183105469,42.650001525878906,41.91314315795898,16000
2020-02-27,40.11000061035156,42.70000076293945,40.09999847412109,42.29999923706055,41.56919097900391,17500
2020-02-28,40.0099983215332,41.36000061035156,39.77999877929688,40.900001525878906,40.19337463378906,14700
2020-03-02,40.02000045776367,41.619998931884766,40.02000045776367,41.43000030517578,40.71421813964844,12400
2020-03-03,42.20000076293945,42.2400016784668,41.59999847412109,41.97999954223633,41.25472259521485,12300
2020-03-04,43.560001373291016,43.560001373291016,42.220001220703125,42.91999816894531,42.17847442626953,9800
2020-03-05,42.15999984741211,43.91999816894531,42.15999984741211,43.68999862670898,42.93517303466797,12500
2020-03-06,43.02000045776367,43.02000045776367,41.790000915527344,42.06999969482422,41.34316253662109,6400
2020-03-09,39.0099983215332,41.29999923706055,39.0099983215332,39.75,39.06325149536133,17000
2020-03-10,40.5,41.65999984741211,40.5,41.59999847412109,40.88128280639648,10200
2020-03-11,44.310001373291016,44.310001373291016,39.5,40.06999969482422,39.37771224975586,13700
2020-03-12,34.0099983215332,37.5099983215332,33.43000030517578,35.09000015258789,34.48375701904297,26600
2020-03-13,37.880001068115234,38.59999847412109,35.70000076293945,38.59999847412109,37.93311309814453,59200
2020-03-16,36.9900016784668,36.9900016784668,33.0,33.20000076293945,32.62641143798828,28300
2020-03-17,33.099998474121094,35.099998474121094,33.099998474121094,33.2599983215332,32.68537521362305,18800
2020-03-18,33.0,35.310001373291016,31.86000061035156,33.88999938964844,33.30448532104492,25500
2020-03-19,33.560001373291016,36.9900016784668,33.560001373291016,34.189998626708984,33.59930419921875,14100
2020-03-20,35.0,35.599998474121094,33.29999923706055,33.939998626708984,33.3536262512207,25300
2020-03-23,33.0,34.029998779296875,30.56999969482422,31.100000381469727,30.56269073486328,21600
2020-03-24,32.36000061035156,34.400001525878906,32.36000061035156,34.36000061035156,33.76637268066406,16300
2020-03-25,34.36000061035156,35.70000076293945,33.65999984741211,33.65999984741211,33.14598846435547,19200
2020-03-26,33.9900016784668,34.939998626708984,33.9900016784668,34.540000915527344,34.01255416870117,18000
2020-03-27,34.0,34.0,31.770000457763672,32.7400016784668,32.24004364013672,22200
2020-03-30,33.209999084472656,33.220001220703125,32.040000915527344,32.97999954223633,32.47636795043945,18000
2020-03-31,33.72999954223633,34.369998931884766,32.81999969482422,33.4900016784668,32.97858428955078,16300
2020-04-01,33.0,33.0,31.600000381469727,32.150001525878906,31.6590518951416,17000
2020-04-02,33.11000061035156,34.27000045776367,31.809999465942383,34.040000915527344,33.52018356323242,13600
2020-04-03,33.52000045776367,34.04999923706055,32.65999984741211,33.0,32.49605941772461,9600
2020-04-06,34.099998474121094,34.900001525878906,33.31999969482422,34.88999938964844,34.35720443725586,22200
2020-04-07,35.650001525878906,37.38999938964844,35.25,36.70000076293945,36.13956451416016,34700
2020-04-08,37.06999969482422,37.06999969482422,35.630001068115234,36.290000915527344,35.73582458496094,17000
2020-04-09,37.0,37.25,35.400001525878906,35.650001525878906,35.10560607910156,40400
2020-04-13,36.65999984741211,36.65999984741211,35.25,36.4900016784668,35.93277740478516,15700
2020-04-14,36.5,37.13999938964844,36.0099983215332,37.09000015258789,36.52360534667969,17600
2020-04-15,36.790000915527344,38.47999954223633,36.40999984741211,38.2599983215332,37.675743103027344,15600
2020-04-16,38.2599983215332,39.0,37.9900016784668,38.68999862670898,38.09917449951172,12400
2020-04-17,39.61000061035156,40.61000061035156,38.810001373291016,40.54999923706055,39.93076705932617,16900
2020-04-20,40.29999923706055,41.25,40.20000076293945,40.5,39.88153839111328,15800
2020-04-21,39.27000045776367,40.56999969482422,39.27000045776367,39.5099983215332,38.906646728515625,28600
2020-04-22,39.36000061035156,41.08000183105469,39.36000061035156,41.08000183105469,40.45268630981445,9300
2020-04-23,40.9900016784668,41.04999923706055,39.59000015258789,39.66999816894531,39.064208984375,11100
2020-04-24,39.54999923706055,40.709999084472656,39.54999923706055,40.709999084472656,40.08832931518555,4200
2020-04-27,41.97999954223633,41.97999954223633,40.25,40.54999923706055,39.93076705932617,8200
2020-04-28,41.02000045776367,41.02000045776367,40.15999984741211,40.369998931884766,39.75352096557617,7200
2020-04-29,40.9900016784668,40.9900016784668,39.90999984741211,39.93000030517578,39.32024002075195,9200
2020-04-30,40.040000915527344,40.040000915527344,38.5,39.34999847412109,38.74909591674805,10100
2020-05-01,38.27000045776367,41.47999954223633,38.27000045776367,40.5,39.88153839111328,139500
2020-05-04,39.5099983215332,40.9900016784668,39.5,39.900001525878906,39.29070281982422,39400
2020-05-05,39.75,40.0,39.34999847412109,40.0,39.3891716003418,23100
2020-05-06,40.02000045776367,40.2599983215332,39.61000061035156,39.81999969482422,39.21192169189453,3200
2020-05-07,39.86000061035156,40.45000076293945,39.86000061035156,40.31999969482422,39.70428085327149,9200
2020-05-08,40.38999938964844,41.060001373291016,40.290000915527344,40.72999954223633,40.1080207824707,10900
2020-05-11,40.72999954223633,41.720001220703125,40.59000015258789,41.68999862670898,41.05336380004883,10300
2020-05-12,41.68999862670898,41.68999862670898,40.86000061035156,41.0099983215332,40.38374328613281,5300
2020-05-13,41.0,41.02999877929688,40.18999862670898,40.630001068115234,40.009552001953125,7500
2020-05-14,39.9900016784668,40.59999847412109,39.4900016784668,40.59999847412109,39.980010986328125,9600
2020-05-15,40.619998931884766,41.0,40.33000183105469,40.5,39.88153839111328,12500
2020-05-19,40.52000045776367,41.54999923706055,39.41999816894531,41.54999923706055,40.91550064086914,7100
2020-05-20,41.5099983215332,42.16999816894531,41.400001525878906,42.15999984741211,41.51618957519531,7100
2020-05-21,42.0,42.0,41.18000030517578,41.720001220703125,41.08290481567383,7700
2020-05-22,41.70000076293945,42.91999816894531,41.52000045776367,42.310001373291016,41.66390228271485,9600
2020-05-25,42.83000183105469,42.90999984741211,42.34999847412109,42.47999954223633,41.831298828125,2500
2020-05-26,42.41999816894531,42.81999969482422,42.400001525878906,42.43000030517578,41.78206634521485,4700
2020-05-27,42.5,42.5,41.59999847412109,42.38999938964844,41.742671966552734,9100
2020-05-28,42.38999938964844,43.20000076293945,42.20000076293945,43.20000076293945,42.54030990600586,12100
2020-05-29,43.150001525878906,43.4900016784668,42.5,43.220001220703125,42.560001373291016,5200
2020-06-01,43.54999923706055,43.88999938964844,42.27999877929688,42.33000183105469,41.683589935302734,3000
2020-06-02,43.09000015258789,43.13999938964844,41.7400016784668,43.13999938964844,42.48122024536133,8100
2020-06-03,43.369998931884766,44.88999938964844,43.369998931884766,44.33000183105469,43.65304183959961,7700
2020-06-04,43.59999847412109,44.5,42.84999847412109,42.84999847412109,42.195648193359375,6600
2020-06-05,43.619998931884766,43.84999847412109,42.880001068115234,43.43000030517578,42.766788482666016,6300
2020-06-08,43.5,43.5,41.68999862670898,41.720001220703125,41.08290481567383,24400
2020-06-09,41.5,41.77999877929688,41.0,41.77999877929688,41.14199066162109,6000
2020-06-10,41.970001220703125,43.75,41.75,43.400001525878906,42.73725128173828,15000
2020-06-11,41.81999969482422,43.400001525878906,41.81999969482422,42.70000076293945,42.047943115234375,9800
2020-06-12,42.869998931884766,43.52000045776367,41.59999847412109,41.810001373291016,41.17153549194336,11100
2020-06-15,41.27000045776367,42.0,41.150001525878906,41.91999816894531,41.27985000610352,8200
2020-06-16,42.79999923706055,42.9900016784668,42.5,42.63999938964844,41.988861083984375,4100
2020-06-17,42.75,43.0,42.5,42.97999954223633,42.32366561889648,9400
2020-06-18,42.97999954223633,43.27999877929688,42.29999923706055,43.0,42.343360900878906,4400
2020-06-19,43.540000915527344,44.70000076293945,43.52999877929688,43.7599983215332,43.09175491333008,12600
2020-06-22,43.5,43.5,42.72999954223633,42.86000061035156,42.20549774169922,11700
2020-06-23,43.16999816894531,43.16999816894531,41.720001220703125,42.040000915527344,41.39801788330078,8600
2020-06-24,41.630001068115234,42.880001068115234,41.630001068115234,42.86000061035156,42.20549774169922,3500
2020-06-25,42.38999938964844,43.33000183105469,41.90999984741211,43.20000076293945,42.54030990600586,6300
2020-06-26,43.16999816894531,43.16999816894531,42.25,42.5,41.85099411010742,6300
2020-06-29,42.16999816894531,43.29999923706055,42.150001525878906,42.459999084472656,41.81160736083984,6900
2020-06-30,43.77000045776367,44.27000045776367,42.58000183105469,42.900001525878906,42.24489212036133,7700
2020-07-02,43.5,44.130001068115234,42.97999954223633,43.209999084472656,42.55015563964844,14100
2020-07-03,43.209999084472656,43.63999938964844,43.209999084472656,43.58000183105469,42.91450500488281,2600
2020-07-06,44.4900016784668,44.4900016784668,43.2599983215332,43.77000045776367,43.10160446166992,11600
2020-07-07,43.54999923706055,43.880001068115234,43.45000076293945,43.56999969482422,42.9046516418457,36200
2020-07-08,44.040000915527344,44.04999923706055,43.27999877929688,44.04999923706055,43.44712448120117,5400
2020-07-09,44.04999923706055,45.84999847412109,44.04999923706055,45.33000183105469,44.70960998535156,11700
2020-07-10,45.7400016784668,45.900001525878906,44.7599983215332,45.84999847412109,45.22248840332031,6700
2020-07-13,45.88999938964844,46.25,45.150001525878906,45.150001525878906,44.532073974609375,6200
2020-07-14,46.02000045776367,46.150001525878906,45.459999084472656,46.0,45.37043762207031,6100
2020-07-15,46.29999923706055,46.54999923706055,45.58000183105469,45.93999862670898,45.31126022338867,4500
2020-07-16,45.2400016784668,45.88999938964844,45.02000045776367,45.45000076293945,44.82796859741211,4100
2020-07-17,45.869998931884766,46.75,45.709999084472656,46.4900016784668,45.853736877441406,21600
2020-07-20,46.52999877929688,46.77000045776367,46.27000045776367,46.56999969482422,45.93263626098633,6800
2020-07-21,46.34999847412109,46.400001525878906,45.650001525878906,45.650001525878906,45.02522659301758,5700
2020-07-22,46.84000015258789,46.84000015258789,45.290000915527344,45.9900016784668,45.360572814941406,4300
2020-07-23,46.2400016784668,46.2599983215332,45.709999084472656,46.060001373291016,45.42961883544922,3700
2020-07-24,46.060001373291016,46.119998931884766,45.709999084472656,46.02000045776367,45.390167236328125,3000
2020-07-27,46.08000183105469,46.560001373291016,45.9900016784668,46.369998931884766,45.73537063598633,3500
2020-07-28,46.13999938964844,46.70000076293945,46.13999938964844,46.5,45.86359786987305,4900
2020-07-29,46.5099983215332,47.2599983215332,46.41999816894531,47.04999923706055,46.40606689453125,3400
2020-07-30,46.68000030517578,47.56999969482422,46.34999847412109,47.470001220703125,46.82031631469727,5900
2020-07-31,47.040000915527344,47.040000915527344,45.79999923706055,46.58000183105469,45.94249725341797,6800
2020-08-04,46.59999847412109,46.59999847412109,45.13999938964844,46.47999954223633,45.8438720703125,9900
2020-08-05,46.47999954223633,46.79999923706055,46.18000030517578,46.5,45.86359786987305,4400
2020-08-06,46.709999084472656,46.790000915527344,46.27000045776367,46.7599983215332,46.12003707885742,2500
2020-08-07,46.56999969482422,46.869998931884766,46.18000030517578,46.18000030517578,45.547977447509766,3900
2020-08-10,45.93999862670898,46.0,45.27999877929688,45.459999084472656,44.83782958984375,4700
2020-08-11,46.04999923706055,46.310001373291016,45.52000045776367,45.58000183105469,44.95619201660156,1500
2020-08-12,45.65999984741211,45.65999984741211,44.75,44.95000076293945,44.33481216430664,12200
2020-08-13,44.95000076293945,45.560001373291016,44.95000076293945,45.560001373291016,44.936466217041016,3800
2020-08-14,46.5,46.5,45.2599983215332,45.54999923706055,44.92659378051758,2600
2020-08-17,45.5,45.77999877929688,45.22999954223633,45.650001525878906,45.02522659301758,2000
2020-08-18,45.369998931884766,45.59999847412109,45.25,45.36000061035156,44.739200592041016,1700
2020-08-19,45.59999847412109,45.790000915527344,45.59999847412109,45.68000030517578,45.05481719970703,4500
2020-08-20,45.97999954223633,46.0,45.65999984741211,45.93000030517578,45.301395416259766,2900
2020-08-21,45.08000183105469,45.869998931884766,45.060001373291016,45.400001525878906,44.77865219116211,6600
2020-08-24,45.400001525878906,45.5099983215332,45.04999923706055,45.4900016784668,44.8674201965332,4600
2020-08-25,45.47999954223633,45.47999954223633,44.61000061035156,44.68000030517578,44.06850814819336,22300
2020-08-26,44.93000030517578,44.93000030517578,44.34999847412109,44.91999816894531,44.30521774291992,12000
2020-08-27,45.970001220703125,45.970001220703125,44.68999862670898,45.04999923706055,44.43343734741211,11600
2020-08-28,45.04999923706055,45.04999923706055,43.79999923706055,43.869998931884766,43.26958465576172,15900
2020-08-31,44.09999847412109,44.369998931884766,42.59999847412109,42.70000076293945,42.115604400634766,14900
2020-09-01,42.84999847412109,43.54999923706055,42.5,43.02000045776367,42.43122863769531,11200
2020-09-02,45.0,46.380001068115234,45.0,45.97999954223633,45.350711822509766,33100
2020-09-03,46.0,46.70000076293945,45.56999969482422,45.79999923706055,45.17317199707031,11000
2020-09-04,46.0,46.0,44.7400016784668,44.84000015258789,44.226318359375,11700
2020-09-08,44.09000015258789,45.290000915527344,44.09000015258789,44.150001525878906,43.54576110839844,8400
2020-09-09,44.97999954223633,46.83000183105469,44.81999969482422,46.54999923706055,45.91291046142578,13000
2020-09-10,46.93000030517578,46.93000030517578,44.68000030517578,44.68000030517578,44.1348762512207,12000
2020-09-11,45.93999862670898,45.93999862670898,44.560001373291016,45.04999923706055,44.50036239624024,6100
2020-09-14,45.04999923706055,46.93999862670898,44.59999847412109,45.0,44.45096206665039,6000
2020-09-15,45.0099983215332,45.400001525878906,44.43999862670898,44.63999938964844,44.095359802246094,5400
2020-09-16,44.5099983215332,44.810001373291016,43.29999923706055,43.29999923706055,42.771705627441406,12100
2020-09-17,43.310001373291016,44.400001525878906,43.0099983215332,44.2400016784668,43.70024490356445,18800
2020-09-18,44.119998931884766,44.72999954223633,44.09999847412109,44.709999084472656,44.16450881958008,5200
2020-09-21,44.16999816894531,45.11000061035156,44.04999923706055,44.95000076293945,44.40158081054688,8900
2020-09-22,45.09000015258789,46.470001220703125,44.93999862670898,46.150001525878906,45.5869369506836,18900
2020-09-23,46.310001373291016,47.29999923706055,46.310001373291016,46.77999877929688,46.20924758911133,14900
2020-09-24,46.18999862670898,47.5,46.18999862670898,47.11000061035156,46.53522491455078,11400
2020-09-25,47.0,47.470001220703125,46.79999923706055,46.91999816894531,46.34754180908203,8200
2020-09-28,46.91999816894531,47.2599983215332,46.119998931884766,46.63999938964844,46.07095718383789,6400
2020-09-29,46.65999984741211,46.9900016784668,46.02999877929688,46.63999938964844,46.07095718383789,5900
2020-09-30,46.5,47.0,46.40999984741211,46.40999984741211,45.84376525878906,4000
2020-10-01,46.20000076293945,46.709999084472656,46.20000076293945,46.630001068115234,46.06108093261719,5000
2020-10-02,45.52999877929688,46.5099983215332,45.52999877929688,46.220001220703125,45.65608596801758,9900
2020-10-05,46.02000045776367,46.54999923706055,45.970001220703125,46.43999862670898,45.87339782714844,4500
2020-10-06,46.40999984741211,46.40999984741211,45.5,45.869998931884766,45.31035232543945,6800
2020-10-07,46.7400016784668,46.7400016784668,45.83000183105469,46.0099983215332,45.44864273071289,3500
2020-10-08,46.68000030517578,46.68000030517578,45.56999969482422,45.79999923706055,45.241207122802734,2900
2020-10-09,46.66999816894531,46.66999816894531,45.31999969482422,45.54999923706055,44.99425506591797,4400
2020-10-13,45.540000915527344,45.54999923706055,44.31999969482422,44.900001525878906,44.35219192504883,6100
2020-10-14,44.83000183105469,45.09999847412109,44.650001525878906,45.08000183105469,44.52999114990234,3600
2020-10-15,45.0,45.22999954223633,44.5,44.93000030517578,44.3818244934082,4200
2020-10-16,44.880001068115234,45.209999084472656,44.65999984741211,44.75,44.20402145385742,2000
2020-10-19,44.63999938964844,44.810001373291016,44.150001525878906,44.150001525878906,43.6113395690918,4600
2020-10-20,44.11000061035156,44.59000015258789,44.0,44.02999877929688,43.49280548095703,5400
2020-10-21,43.86000061035156,44.15999984741211,43.5,43.560001373291016,43.02853775024414,4500
2020-10-22,43.560001373291016,43.880001068115234,43.20000076293945,43.400001525878906,42.870487213134766,4300
2020-10-23,43.220001220703125,43.40999984741211,43.0099983215332,43.220001220703125,42.69269180297852,5600
2020-10-26,43.16999816894531,43.209999084472656,42.709999084472656,42.81999969482422,42.29756164550781,5100
2020-10-27,42.9900016784668,43.130001068115234,42.29999923706055,42.41999816894531,41.902442932128906,6300
2020-10-28,42.27000045776367,42.27000045776367,41.70000076293945,41.880001068115234,41.36903381347656,8500
2020-10-29,41.540000915527344,42.0,41.45000076293945,41.66999816894531,41.16159439086914,6600
2020-10-30,41.619998931884766,41.619998931884766,40.470001220703125,41.25,40.74671936035156,8200
2020-11-02,41.880001068115234,42.04999923706055,41.209999084472656,41.84000015258789,41.32952499389648,8100
2020-11-03,42.04999923706055,43.75,42.04999923706055,43.5,42.969268798828125,17700
2020-11-04,43.5,44.29999923706055,43.5,43.54999923706055,43.01865768432617,6100
2020-11-05,45.4900016784668,46.20000076293945,44.31999969482422,45.81999969482422,45.26096725463867,20400
2020-11-06,46.0,46.0,45.400001525878906,45.59999847412109,45.04364776611328,4300
2020-11-09,46.59000015258789,46.70000076293945,45.369998931884766,45.369998931884766,44.81645584106445,10400
2020-11-10,45.5099983215332,46.20000076293945,45.02999877929688,46.0,45.43876647949219,5000
2020-11-11,45.75,46.209999084472656,45.4900016784668,45.77000045776367,45.21157455444336,27500
2020-11-12,45.59999847412109,45.630001068115234,45.11000061035156,45.11000061035156,44.55962753295898,2400
2020-11-13,45.02000045776367,45.40999984741211,44.970001220703125,45.2599983215332,44.707794189453125,4900
2020-11-16,45.0099983215332,45.04999923706055,44.68000030517578,45.02999877929688,44.48060607910156,8200
2020-11-17,45.790000915527344,45.790000915527344,44.97999954223633,45.34999847412109,44.79669570922852,2800
2020-11-18,45.13999938964844,45.18999862670898,44.47999954223633,44.4900016784668,43.94718933105469,9200
2020-11-19,44.61000061035156,44.61000061035156,43.290000915527344,43.5,42.969268798828125,9300
2020-11-20,43.63999938964844,44.79999923706055,43.54999923706055,43.86000061035156,43.32487869262695,9900
2020-11-23,44.93000030517578,44.93000030517578,43.54999923706055,43.75,43.21622085571289,15600
2020-11-24,43.77000045776367,44.13999938964844,43.369998931884766,43.9900016784668,43.45329284667969,17600
2020-11-25,45.650001525878906,45.650001525878906,43.0,43.70000076293945,43.16683197021485,23100
2020-11-26,43.7599983215332,44.0,43.5,43.790000915527344,43.25572967529297,8500
2020-11-27,43.84000015258789,43.84000015258789,43.15999984741211,43.29999923706055,42.771705627441406,5700
2020-11-30,43.02000045776367,43.7400016784668,43.02000045776367,43.20000076293945,42.67293548583984,5100
2020-12-01,43.5,43.9900016784668,43.400001525878906,43.400001525878906,42.870487213134766,9300
2020-12-02,43.650001525878906,44.43000030517578,43.400001525878906,44.43000030517578,43.97658920288086,6900
2020-12-03,44.970001220703125,44.970001220703125,44.25,44.91999816894531,44.46158218383789,6400
2020-12-04,44.79999923706055,44.91999816894531,44.25,44.400001525878906,43.94689178466797,7300
2020-12-07,44.84999847412109,44.869998931884766,44.40999984741211,44.54999923706055,44.09536361694336,68300
2020-12-08,44.560001373291016,45.18999862670898,44.560001373291016,44.65999984741211,44.20423889160156,38700
2020-12-09,44.68999862670898,44.79999923706055,44.119998931884766,44.709999084472656,44.25372695922852,5000
2020-12-10,44.70000076293945,44.97999954223633,44.11000061035156,44.18000030517578,43.7291374206543,9600
2020-12-11,44.0099983215332,44.45000076293945,43.91999816894531,44.16999816894531,43.719234466552734,5300
2020-12-14,44.5,45.09999847412109,44.27999877929688,45.0,44.54076385498047,12300
2020-12-15,44.95000076293945,45.25,44.869998931884766,45.150001525878906,44.68924331665039,6100
2020-12-16,45.25,45.29999923706055,44.77999877929688,44.77999877929688,44.32301712036133,12200
2020-12-17,44.790000915527344,45.5,44.66999816894531,45.38999938964844,44.92678451538086,6700
2020-12-18,45.5,45.56999969482422,45.0099983215332,45.0099983215332,44.55066680908203,7900
2020-12-21,45.209999084472656,45.41999816894531,44.2599983215332,44.869998931884766,44.41209411621094,6700
2020-12-22,44.83000183105469,45.869998931884766,44.68000030517578,45.0099983215332,44.55066680908203,9500
2020-12-23,45.47999954223633,45.47999954223633,44.27000045776367,44.369998931884766,43.91719818115234,8400
2020-12-24,44.90999984741211,44.90999984741211,44.41999816894531,44.75,44.29331970214844,3500
2020-12-29,44.119998931884766,45.08000183105469,44.119998931884766,44.79999923706055,44.342811584472656,7500
2020-12-30,44.900001525878906,44.900001525878906,44.150001525878906,44.150001525878906,43.699440002441406,2600
2020-12-31,44.11000061035156,44.75,43.5,43.5,43.05607604980469,8900
2021-01-04,43.869998931884766,44.4900016784668,43.70000076293945,44.040000915527344,43.59056854248047,8000
2021-01-05,44.0,44.5,43.5,43.79999923706055,43.3530158996582,11400
2021-01-06,43.95000076293945,43.95000076293945,43.04999923706055,43.20000076293945,42.75914001464844,30900
2021-01-07,43.84999847412109,43.84999847412109,42.84999847412109,43.09999847412109,42.66015625,41800
2021-01-08,43.5,43.5,42.650001525878906,42.970001220703125,42.5314826965332,15900
2021-01-11,42.61000061035156,42.900001525878906,42.34999847412109,42.470001220703125,42.03658676147461,13700
2021-01-12,42.630001068115234,42.630001068115234,41.34999847412109,41.34999847412109,40.92802047729492,53000
2021-01-13,40.79999923706055,40.79999923706055,37.20000076293945,37.290000915527344,36.90945053100586,484600
2021-01-14,39.45000076293945,39.45000076293945,36.900001525878906,36.97999954223633,36.60261535644531,410400
2021-01-15,37.97999954223633,38.790000915527344,37.34999847412109,38.45000076293945,38.057613372802734,222600
2021-01-18,40.63999938964844,40.810001373291016,38.90999984741211,39.29999923706055,38.89893341064453,134900
2021-01-19,40.0,40.0,38.06999969482422,38.400001525878906,38.00812530517578,125700
2021-01-20,38.7400016784668,38.880001068115234,38.400001525878906,38.650001525878906,38.25557708740234,71700
2021-01-21,38.93999862670898,38.93999862670898,38.25,38.310001373291016,37.91904830932617,51500
2021-01-22,38.52000045776367,38.650001525878906,38.29999923706055,38.630001068115234,38.23577499389648,40500
2021-01-25,39.38999938964844,39.79999923706055,38.63999938964844,39.33000183105469,38.92863845825195,115900
2021-01-26,39.34999847412109,39.95000076293945,39.0,39.619998931884766,39.215667724609375,67300
2021-01-27,39.86000061035156,39.86000061035156,39.150001525878906,39.22999954223633,38.82965469360352,73300
2021-01-28,39.68999862670898,39.68999862670898,39.34999847412109,39.54999923706055,39.14638900756836,46600
2021-01-29,39.59999847412109,39.630001068115234,39.20000076293945,39.52000045776367,39.116695404052734,33000
2021-02-01,39.84999847412109,39.97999954223633,39.41999816894531,39.68999862670898,39.28495407104492,48900
2021-02-02,40.0,40.22999954223633,39.650001525878906,39.90999984741211,39.50271224975586,73300
2021-02-03,40.09000015258789,40.77999877929688,40.04999923706055,40.40999984741211,39.99761199951172,119700
2021-02-04,40.790000915527344,41.369998931884766,40.40999984741211,41.119998931884766,40.70036697387695,90600
2021-02-05,41.34000015258789,41.34000015258789,39.90999984741211,39.959999084472656,39.55219650268555,181300
2021-02-08,40.0,40.34999847412109,39.65999984741211,39.86000061035156,39.45322799682617,83800
2021-02-09,39.75,39.95000076293945,38.90999984741211,39.18000030517578,38.78016662597656,83800
2021-02-10,39.20000076293945,39.630001068115234,39.150001525878906,39.2400016784668,38.83955383300781,49600
2021-02-11,39.27999877929688,39.52000045776367,38.93000030517578,39.36000061035156,38.95832443237305,57600
2021-02-12,39.459999084472656,40.02999877929688,39.15999984741211,39.88999938964844,39.48291778564453,76000
2021-02-16,39.900001525878906,40.0,39.310001373291016,39.5,39.09689712524414,58600
2021-02-17,39.4900016784668,39.59999847412109,39.0,39.0,38.60200500488281,50300
2021-02-18,38.900001525878906,39.54999923706055,38.65999984741211,38.84000015258789,38.443634033203125,47300
2021-02-19,38.84000015258789,38.84000015258789,38.09000015258789,38.29999923706055,37.909141540527344,76900
2021-02-22,38.09999847412109,38.2599983215332,37.790000915527344,38.119998931884766,37.73097610473633,25200
2021-02-23,38.18000030517578,38.29999923706055,37.790000915527344,37.900001525878906,37.51322555541992,23300
2021-02-24,38.0,38.75,37.59999847412109,38.09000015258789,37.70128631591797,29600
2021-02-25,38.08000183105469,38.63999938964844,38.04999923706055,38.59000015258789,38.19618225097656,35600
2021-02-26,38.75,38.75,38.34999847412109,38.630001068115234,38.23577499389648,83200
2021-03-01,38.59999847412109,39.02999877929688,38.59999847412109,38.79999923706055,38.40403366088867,26300
2021-03-02,39.09000015258789,39.56999969482422,38.97999954223633,39.54999923706055,39.14638900756836,50800
2021-03-03,39.560001373291016,39.560001373291016,39.06999969482422,39.220001220703125,38.81975936889648,16100
2021-03-04,39.18000030517578,40.0,39.18000030517578,39.88999938964844,39.48291778564453,69200
2021-03-05,39.93000030517578,40.709999084472656,39.91999816894531,40.58000183105469,40.16587448120117,35200
2021-03-08,40.75,41.06999969482422,40.41999816894531,40.84000015258789,40.42322540283203,38000
2021-03-09,41.20000076293945,41.52000045776367,40.77999877929688,40.91999816894531,40.502403259277344,15500
2021-03-10,40.95000076293945,41.36000061035156,40.72999954223633,41.27000045776367,40.84883499145508,19500
2021-03-11,41.2400016784668,41.63999938964844,41.02000045776367,41.09999847412109,40.68056869506836,58100
2021-03-12,41.25,42.25,41.2400016784668,41.68000030517578,41.25465393066406,85400
2021-03-15,42.09000015258789,42.380001068115234,41.34999847412109,41.61000061035156,41.185359954833984,59500
2021-03-16,41.77000045776367,42.09999847412109,41.7599983215332,41.88999938964844,41.46250915527344,21800
2021-03-17,41.90999984741211,41.90999984741211,41.2599983215332,41.560001373291016,41.1358757019043,54600
2021-03-18,40.7599983215332,40.900001525878906,39.77000045776367,40.70000076293945,40.28464889526367,83300
2021-03-19,40.56999969482422,40.79999923706055,39.97999954223633,40.130001068115234,39.7204704284668,23300
2021-03-22,40.130001068115234,40.70000076293945,39.58000183105469,40.52999877929688,40.11638641357422,27000
2021-03-23,40.38999938964844,40.97999954223633,40.380001068115234,40.459999084472656,40.04710006713867,22800
2021-03-24,40.43000030517578,40.43999862670898,39.84999847412109,39.84999847412109,39.44332504272461,13500
2021-03-25,40.0,40.130001068115234,39.650001525878906,40.02999877929688,39.70867538452149,20800
2021-03-26,40.0,40.40999984741211,39.84999847412109,40.18999862670898,39.86739349365234,29000
2021-03-29,39.77000045776367,41.45000076293945,39.77000045776367,41.29999923706055,40.968482971191406,50100
2021-03-30,41.310001373291016,41.310001373291016,40.9900016784668,41.16999816894531,40.83952713012695,19800
2021-03-31,41.09999847412109,41.369998931884766,40.72999954223633,40.72999954223633,40.40306091308594,20600
2021-04-01,40.77999877929688,41.380001068115234,40.18999862670898,41.29999923706055,40.968482971191406,46100
2021-04-05,41.36000061035156,41.380001068115234,41.0099983215332,41.18999862670898,40.85936737060547,12900
2021-04-06,41.0099983215332,41.0099983215332,40.59999847412109,40.7599983215332,40.43281555175781,13300
2021-04-07,40.79999923706055,42.34000015258789,40.79999923706055,42.34000015258789,42.00013732910156,79600
2021-04-08,42.209999084472656,42.209999084472656,41.2400016784668,41.70000076293945,41.365272521972656,31800
2021-04-09,41.7400016784668,41.7400016784668,41.2400016784668,41.54999923706055,41.21647644042969,6600
2021-04-12,41.560001373291016,41.970001220703125,41.47999954223633,41.720001220703125,41.38510894775391,8700
2021-04-13,41.79999923706055,42.02000045776367,41.630001068115234,41.720001220703125,41.38510894775391,14800
2021-04-14,41.79999923706055,41.95000076293945,41.31999969482422,41.77000045776367,41.43471145629883,11800
2021-04-15,41.86000061035156,42.2599983215332,41.86000061035156,41.91999816894531,41.58350372314453,32600
2021-04-16,41.9900016784668,42.08000183105469,41.5099983215332,41.63999938964844,41.30575180053711,19200
2021-04-19,41.65999984741211,42.150001525878906,41.65999984741211,42.119998931884766,41.78189849853516,18500
2021-04-20,42.119998931884766,42.27000045776367,41.84999847412109,42.27000045776367,41.93069839477539,13100
2021-04-21,42.27000045776367,42.650001525878906,42.0,42.33000183105469,41.99021530151367,12600
2021-04-22,42.18000030517578,42.18000030517578,41.72999954223633,41.869998931884766,41.53390502929688,12000
2021-04-23,41.869998931884766,42.08000183105469,41.72999954223633,41.83000183105469,41.49422836303711,7700
2021-04-26,41.83000183105469,41.83000183105469,41.25,41.619998931884766,41.285911560058594,23100
2021-04-27,41.459999084472656,42.09999847412109,41.369998931884766,41.63999938964844,41.30575180053711,25200
2021-04-28,41.88999938964844,42.22999954223633,41.630001068115234,41.70000076293945,41.365272521972656,9000
2021-04-29,41.7599983215332,42.61000061035156,41.7599983215332,41.93999862670898,41.60334777832031,62700
2021-04-30,41.88999938964844,42.15999984741211,41.70000076293945,41.7599983215332,41.42478942871094,15600
2021-05-03,41.77999877929688,42.25,41.7599983215332,41.83000183105469,41.49422836303711,11800
2021-05-04,41.83000183105469,41.83000183105469,41.220001220703125,41.52999877929688,41.19663619995117,11800
2021-05-05,41.04999923706055,42.130001068115234,41.04999923706055,42.130001068115234,41.79182052612305,32400
2021-05-06,42.0,42.11000061035156,41.45000076293945,41.88999938964844,41.55374526977539,12000
2021-05-07,41.7599983215332,42.02999877929688,41.45000076293945,42.0,41.66286087036133,12500
2021-05-10,41.93000030517578,43.0,41.91999816894531,42.70000076293945,42.35724639892578,20300
2021-05-11,42.59000015258789,42.810001373291016,42.0099983215332,42.0099983215332,41.67278289794922,13700
2021-05-12,42.0,42.68000030517578,42.0,42.20000076293945,41.86125946044922,27800
2021-05-13,42.25,42.52000045776367,41.70000076293945,42.459999084472656,42.119171142578125,8100
2021-05-14,42.52000045776367,43.45000076293945,42.52000045776367,43.45000076293945,43.10122680664063,22300
2021-05-17,43.15999984741211,43.84000015258789,43.15999984741211,43.70000076293945,43.349220275878906,30400
2021-05-18,43.59000015258789,44.08000183105469,43.54999923706055,43.900001525878906,43.547611236572266,17300
2021-05-19,43.61000061035156,44.02000045776367,43.34000015258789,44.02000045776367,43.66665267944336,17000
2021-05-20,44.0,44.959999084472656,44.0,44.959999084472656,44.59910202026367,44000
2021-05-21,44.4900016784668,44.70000076293945,44.09999847412109,44.09999847412109,43.74600601196289,10700
2021-05-25,44.0099983215332,44.59999847412109,44.0099983215332,44.2599983215332,43.90472412109375,9600
2021-05-26,43.5099983215332,44.68000030517578,43.5099983215332,44.47999954223633,44.122955322265625,21300
2021-05-27,44.540000915527344,44.84999847412109,44.310001373291016,44.79999923706055,44.440391540527344,11700
2021-05-28,44.93000030517578,44.93000030517578,44.34999847412109,44.34999847412109,43.99399948120117,16700
2021-05-31,44.68000030517578,44.68000030517578,43.66999816894531,43.66999816894531,43.3194580078125,9300
2021-06-01,43.66999816894531,44.59000015258789,43.66999816894531,44.2400016784668,43.8848876953125,10400
2021-06-02,44.29999923706055,44.81999969482422,44.27999877929688,44.81999969482422,44.460227966308594,10900
2021-06-03,44.2400016784668,45.0099983215332,44.2400016784668,44.84000015258789,44.48006820678711,13900
2021-06-04,44.90999984741211,45.130001068115234,44.70000076293945,45.02999877929688,44.66854095458984,10100
2021-06-07,45.09999847412109,45.09999847412109,44.72999954223633,45.0,44.6387825012207,12500
2021-06-08,45.13999938964844,45.29999923706055,44.84000015258789,45.2400016784668,44.87685775756836,8900
2021-06-09,45.220001220703125,45.25,44.5,45.02000045776367,44.65862655639648,15900
2021-06-10,45.130001068115234,45.5,44.95000076293945,45.11000061035156,44.74789810180664,10200
2021-06-11,45.25,45.5099983215332,45.25,45.5099983215332,45.14468765258789,1500
2021-06-14,45.470001220703125,45.52999877929688,45.09999847412109,45.52999877929688,45.164527893066406,7100
2021-06-15,45.52999877929688,45.77999877929688,45.34999847412109,45.34999847412109,44.98596954345703,7900
2021-06-16,45.18000030517578,45.18000030517578,44.70000076293945,44.84999847412109,44.48998641967773,55600
2021-06-17,44.84000015258789,45.59999847412109,44.83000183105469,45.380001068115234,45.0157356262207,19600
2021-06-18,45.31999969482422,45.31999969482422,44.7599983215332,44.970001220703125,44.60902404785156,6600
2021-06-21,44.77000045776367,44.84999847412109,43.58000183105469,43.58000183105469,43.23018264770508,22900
2021-06-22,43.970001220703125,45.09999847412109,43.7400016784668,44.29999923706055,43.94440078735352,16200
2021-06-23,44.369998931884766,44.369998931884766,43.27000045776367,43.86000061035156,43.5079345703125,87400
2021-06-24,43.79999923706055,44.060001373291016,43.56999969482422,43.7599983215332,43.40873336791992,4000
2021-06-25,43.7599983215332,44.209999084472656,43.75,44.09999847412109,43.74600601196289,6500
2021-06-28,43.9900016784668,44.400001525878906,43.84000015258789,44.400001525878906,44.043601989746094,8800
2021-06-29,44.400001525878906,45.40999984741211,44.400001525878906,44.61000061035156,44.251914978027344,19200
2021-06-30,45.18999862670898,46.75,45.18999862670898,46.119998931884766,45.749794006347656,31200
2021-07-02,45.84999847412109,47.25,45.84999847412109,47.25,46.8707160949707,27200
2021-07-05,47.27000045776367,47.27000045776367,46.65999984741211,46.79999923706055,46.42433166503906,15200
2021-07-06,46.470001220703125,46.470001220703125,45.959999084472656,46.22999954223633,45.8589096069336,8100
2021-07-07,45.810001373291016,46.209999084472656,45.59000015258789,45.66999816894531,45.38930892944336,2800
2021-07-08,45.34999847412109,46.0,45.27999877929688,46.0,45.71728515625,4600
2021-07-09,46.15999984741211,46.959999084472656,46.0099983215332,46.84999847412109,46.56205749511719,9800
2021-07-12,47.0,47.72999954223633,46.84999847412109,47.5,47.20806503295898,24700
2021-07-13,47.59999847412109,47.630001068115234,47.02999877929688,47.47999954223633,47.18818664550781,6200
2021-07-14,47.88999938964844,47.88999938964844,47.18000030517578,47.25,46.95960235595703,13900
2021-07-15,47.470001220703125,49.77999877929688,47.470001220703125,49.5,49.19577407836914,31300
2021-07-16,49.68999862670898,50.470001220703125,49.2400016784668,49.560001373291016,49.25540542602539,19600
2021-07-19,49.43000030517578,49.43000030517578,48.2400016784668,48.61000061035156,48.31124496459961,18200
2021-07-20,48.5099983215332,49.59000015258789,48.5099983215332,49.36000061035156,49.056636810302734,14300
2021-07-21,49.369998931884766,49.7400016784668,49.27999877929688,49.27999877929688,48.97712326049805,9100
2021-07-22,49.95000076293945,49.959999084472656,48.97999954223633,49.2400016784668,48.93737030029297,5100
2021-07-23,49.29999923706055,49.95000076293945,48.97999954223633,49.68000030517578,49.37466812133789,5000
2021-07-26,49.970001220703125,50.31999969482422,49.560001373291016,50.2599983215332,49.95109939575195,13200
2021-07-27,50.2400016784668,50.2400016784668,49.65999984741211,49.970001220703125,49.66288757324219,14800
2021-07-28,49.79999923706055,49.83000183105469,49.2599983215332,49.52000045776367,49.21564865112305,4700
2021-07-29,49.97999954223633,49.97999954223633,49.650001525878906,49.959999084472656,49.65294647216797,6100
2021-07-30,49.83000183105469,50.970001220703125,49.83000183105469,50.970001220703125,50.65673828125,11200
2021-08-03,50.970001220703125,52.540000915527344,50.970001220703125,51.959999084472656,51.640655517578125,32400
2021-08-04,51.79999923706055,52.060001373291016,51.650001525878906,51.91999816894531,51.60089874267578,9500
2021-08-05,51.9900016784668,51.9900016784668,50.95000076293945,50.970001220703125,50.65673828125,4400
2021-08-06,51.02999877929688,51.650001525878906,50.59999847412109,51.4900016784668,51.17354202270508,11800
2021-08-09,51.58000183105469,51.58000183105469,51.04999923706055,51.2400016784668,50.92508316040039,5900
2021-08-10,50.5099983215332,52.0,50.5099983215332,51.59000015258789,51.27293014526367,8200
2021-08-11,51.5099983215332,51.5099983215332,50.86000061035156,51.5,51.1834831237793,4700
2021-08-12,51.75,51.75,50.9900016784668,51.5,51.1834831237793,6800
2021-08-13,51.0,51.77999877929688,51.0,51.33000183105469,51.014530181884766,3100
2021-08-16,51.400001525878906,51.79999923706055,51.34999847412109,51.790000915527344,51.4717025756836,15200
2021-08-17,51.790000915527344,52.06999969482422,51.61000061035156,52.0,51.6804084777832,5100
2021-08-18,51.91999816894531,52.470001220703125,51.7599983215332,51.81999969482422,51.50151443481445,7600
2021-08-19,51.91999816894531,52.34999847412109,51.20000076293945,52.31999969482422,51.998443603515625,9400
2021-08-20,52.310001373291016,52.369998931884766,52.0,52.29999923706055,51.97856521606445,6900
2021-08-23,52.63999938964844,52.63999938964844,51.810001373291016,52.09999847412109,51.77979278564453,9000
2021-08-24,52.02999877929688,52.18000030517578,51.540000915527344,51.59999847412109,51.28286361694336,4800
2021-08-25,51.4900016784668,51.83000183105469,51.119998931884766,51.75,51.431941986083984,5500
2021-08-26,51.7400016784668,51.7400016784668,50.81999969482422,51.209999084472656,50.89525985717773,6000
2021-08-27,51.33000183105469,51.810001373291016,51.29999923706055,51.380001068115234,51.06421661376953,9000
2021-08-30,51.400001525878906,52.27999877929688,51.400001525878906,52.27999877929688,51.95868682861328,9500
2021-08-31,52.02000045776367,52.02000045776367,51.18999862670898,51.41999816894531,51.10397338867188,7000
2021-09-01,51.0,51.56999969482422,50.59999847412109,50.59999847412109,50.28901290893555,11000
2021-09-02,50.150001525878906,51.619998931884766,50.150001525878906,51.619998931884766,51.30274200439453,8000
2021-09-03,51.52999877929688,51.52999877929688,50.650001525878906,50.72999954223633,50.418216705322266,8300
2021-09-07,50.72999954223633,50.86000061035156,50.400001525878906,50.47999954223633,50.16975021362305,8300
2021-09-08,50.29999923706055,50.93999862670898,50.290000915527344,50.93999862670898,50.71482849121094,5200
2021-09-09,50.900001525878906,50.900001525878906,50.27999877929688,50.56999969482422,50.346466064453125,3400
2021-09-10,50.84999847412109,50.84999847412109,50.0099983215332,50.060001373291016,49.83872222900391,4700
2021-09-13,50.220001220703125,50.95000076293945,50.15999984741211,50.15999984741211,49.93827819824219,7000
2021-09-14,50.34000015258789,50.400001525878906,50.15999984741211,50.38999938964844,50.167259216308594,4900
2021-09-15,50.43999862670898,50.54999923706055,49.970001220703125,50.45000076293945,50.226993560791016,9200
2021-09-16,50.43999862670898,50.540000915527344,50.11000061035156,50.150001525878906,49.928321838378906,6400
2021-09-17,49.29999923706055,49.959999084472656,48.70000076293945,49.04999923706055,48.83318328857422,17500
2021-09-20,48.9900016784668,49.0,48.20000076293945,48.31999969482422,48.10641098022461,10800
2021-09-21,48.56999969482422,49.65999984741211,48.5099983215332,49.47999954223633,49.26128387451172,7900
2021-09-22,49.709999084472656,49.790000915527344,48.9900016784668,49.11000061035156,48.89291763305664,3000
2021-09-23,49.33000183105469,49.33000183105469,48.54999923706055,48.54999923706055,48.335391998291016,5200
2021-09-24,48.790000915527344,49.5099983215332,48.290000915527344,49.310001373291016,49.09203720092773,4600
2021-09-27,49.20000076293945,49.20000076293945,48.5,49.18999862670898,48.972564697265625,4600
2021-09-28,48.84999847412109,48.84999847412109,47.75,48.7400016784668,48.524559020996094,10600
2021-09-29,48.7400016784668,49.27999877929688,48.7400016784668,48.97999954223633,48.76349258422852,2400
2021-09-30,49.0,49.16999816894531,48.38999938964844,48.75,48.53451156616211,6400
2021-10-01,48.58000183105469,48.75,48.150001525878906,48.75,48.53451156616211,6600
2021-10-04,48.0099983215332,48.59000015258789,47.61000061035156,47.869998931884766,47.65840148925781,11600
2021-10-05,47.9900016784668,48.5,47.84000015258789,48.5,48.28561782836914,4100
2021-10-06,48.09999847412109,48.5,47.81999969482422,48.0,47.78782653808594,3900
2021-10-07,48.0,48.58000183105469,48.0,48.58000183105469,48.365264892578125,3600
2021-10-08,48.47999954223633,48.47999954223633,47.34999847412109,48.0099983215332,47.79777908325195,8500
2021-10-12,48.43999862670898,48.43999862670898,46.75,47.220001220703125,47.01127624511719,14800
2021-10-13,47.09999847412109,47.79999923706055,47.0,47.79999923706055,47.58871078491211,4200
2021-10-14,48.0,48.34999847412109,47.81999969482422,47.970001220703125,47.75796127319336,7500
2021-10-15,48.18999862670898,48.18999862670898,47.650001525878906,47.790000915527344,47.57875442504883,2700
2021-10-18,47.5099983215332,49.33000183105469,47.5099983215332,49.33000183105469,49.11194610595703,8600
2021-10-19,48.29999923706055,48.459999084472656,47.86000061035156,48.459999084472656,48.24578857421875,16900
2021-10-20,48.97999954223633,48.97999954223633,47.900001525878906,47.900001525878906,47.68826675415039,7100
2021-10-21,48.0,48.65999984741211,48.0,48.560001373291016,48.34535217285156,2700
2021-10-22,48.630001068115234,48.84000015258789,48.34999847412109,48.650001525878906,48.43495559692383,7100
2021-10-25,48.869998931884766,49.470001220703125,48.43000030517578,49.470001220703125,49.2513313293457,3400
2021-10-26,49.369998931884766,49.369998931884766,48.0099983215332,48.0099983215332,47.79777908325195,10800
2021-10-27,48.2599983215332,48.2599983215332,47.0,47.209999084472656,47.00131607055664,6900
2021-10-28,47.220001220703125,47.95000076293945,46.84999847412109,47.95000076293945,47.7380485534668,7400
2021-10-29,46.959999084472656,47.43999862670898,46.75,47.09999847412109,46.89179992675781,4000
2021-11-01,47.0,48.31999969482422,47.0,48.31999969482422,48.10641098022461,11100
2021-11-02,48.45000076293945,48.93999862670898,48.34999847412109,48.34999847412109,48.13628005981445,109300
2021-11-03,48.34999847412109,48.79999923706055,48.130001068115234,48.45000076293945,48.23583984375,9400
2021-11-04,48.630001068115234,49.900001525878906,48.630001068115234,49.900001525878906,49.67942810058594,24900
2021-11-05,49.709999084472656,50.33000183105469,49.68999862670898,49.68999862670898,49.47035598754883,14000
2021-11-08,49.70000076293945,49.869998931884766,49.130001068115234,49.7599983215332,49.54004287719727,9300
2021-11-09,49.75,50.59999847412109,49.7400016784668,50.59999847412109,50.37633514404297,7900
2021-11-10,50.650001525878906,50.72999954223633,50.25,50.369998931884766,50.14734649658203,6500
2021-11-11,50.369998931884766,50.79999923706055,50.2599983215332,50.41999816894531,50.19712829589844,3600
2021-11-12,50.560001373291016,50.79999923706055,50.13999938964844,50.41999816894531,50.19712829589844,9900
2021-11-15,50.41999816894531,51.27999877929688,50.41999816894531,51.09999847412109,50.87411880493164,15800
2021-11-16,51.08000183105469,51.45000076293945,50.97999954223633,51.34000015258789,51.113059997558594,22900
2021-11-17,51.59000015258789,52.29999923706055,51.34000015258789,52.2599983215332,52.028995513916016,16000
2021-11-18,51.869998931884766,52.650001525878906,51.81999969482422,52.2400016784668,52.00908660888672,24700
2021-11-19,52.16999816894531,52.58000183105469,51.040000915527344,51.09000015258789,50.864166259765625,32700
2021-11-22,51.13999938964844,51.5,50.4900016784668,51.02000045776367,50.79447555541992,27700
2021-11-23,50.63999938964844,51.59999847412109,50.0099983215332,50.75,50.525672912597656,12200
2021-11-24,49.88999938964844,49.88999938964844,47.2599983215332,48.5,48.28561782836914,77900
2021-11-25,48.369998931884766,48.95000076293945,48.25,48.25,48.036720275878906,31800
2021-11-26,47.5,48.150001525878906,46.84000015258789,46.93999862670898,46.73250961303711,53800
2021-11-29,47.02000045776367,48.150001525878906,46.95000076293945,47.470001220703125,47.26016998291016,45600
2021-11-30,47.75,47.75,45.75,46.97999954223633,46.77233505249024,40200
2021-12-01,47.15999984741211,47.77999877929688,46.18000030517578,46.2599983215332,46.163604736328125,23900
2021-12-02,46.2599983215332,48.18999862670898,46.2599983215332,47.709999084472656,47.6105842590332,45500
2021-12-03,48.0,48.59999847412109,47.70000076293945,47.84999847412109,47.75029373168945,32600
2021-12-06,48.04999923706055,49.150001525878906,48.040000915527344,48.84000015258789,48.73823165893555,179600
2021-12-07,49.36000061035156,49.790000915527344,49.150001525878906,49.630001068115234,49.52658462524414,36200
2021-12-08,49.77999877929688,51.75,49.060001373291016,51.5,51.3926887512207,2228000
2021-12-09,51.5,52.88999938964844,51.15999984741211,52.45000076293945,52.3407096862793,936400
2021-12-10,52.18999862670898,52.18999862670898,49.54999923706055,50.0,49.89581298828125,1402300
2021-12-13,49.40999984741211,50.869998931884766,48.810001373291016,49.54999923706055,49.44675064086914,2476200
2021-12-14,48.790000915527344,49.56999969482422,47.650001525878906,48.29999923706055,48.19935607910156,1507900
2021-12-15,49.20000076293945,49.20000076293945,47.5,48.0099983215332,47.90995788574219,2293800
2021-12-16,47.79999923706055,48.34999847412109,47.2599983215332,47.41999816894531,47.32118988037109,1193000
2021-12-17,47.41999816894531,49.0,47.0099983215332,47.84999847412109,47.75029373168945,3952400
2021-12-20,47.84999847412109,48.90999984741211,47.70000076293945,48.27999877929688,48.17939758300781,1271700
2021-12-21,48.720001220703125,51.470001220703125,48.54999923706055,50.93999862670898,50.83385467529297,1167000
2021-12-22,50.84000015258789,52.040000915527344,50.22999954223633,51.58000183105469,51.4725227355957,1244400
2021-12-23,51.68000030517578,53.0,51.66999816894531,52.68000030517578,52.57022857666016,1752200
2021-12-24,52.619998931884766,52.90999984741211,51.93000030517578,52.45000076293945,52.3407096862793,327600
2021-12-29,51.75,53.34999847412109,51.75,53.0,52.88956451416016,954500
2021-12-30,52.900001525878906,53.95000076293945,52.34999847412109,53.47999954223633,53.368560791015625,617800
2021-12-31,53.09999847412109,53.970001220703125,52.66999816894531,53.0,52.88956451416016,797900
2022-01-04,52.900001525878906,53.290000915527344,51.75,52.09999847412109,51.99143600463867,1726600
2022-01-05,52.13999938964844,52.65999984741211,50.619998931884766,50.7599983215332,50.65422821044922,2080200
2022-01-06,50.41999816894531,51.59000015258789,50.380001068115234,50.630001068115234,50.52450180053711,1299000
2022-01-07,50.650001525878906,51.09000015258789,50.13999938964844,50.20000076293945,50.09539794921875,1187300
2022-01-10,50.2400016784668,50.93999862670898,49.66999816894531,50.79999923706055,50.69414520263672,1358500
2022-01-11,50.33000183105469,50.88999938964844,49.77000045776367,50.66999816894531,50.564414978027344,1174600
2022-01-12,50.47999954223633,51.75,50.34000015258789,51.56999969482422,51.46254348754883,1163700
2022-01-13,51.5099983215332,52.11000061035156,51.38999938964844,51.5099983215332,51.40266418457031,1172900
2022-01-14,51.5,51.869998931884766,51.11000061035156,51.380001068115234,51.2729377746582,1200400
2022-01-17,51.63999938964844,51.84000015258789,51.150001525878906,51.77000045776367,51.66212463378906,346100
2022-01-18,51.18999862670898,51.97999954223633,51.13999938964844,51.459999084472656,51.3527717590332,1511400
2022-01-19,51.630001068115234,51.72999954223633,50.33000183105469,50.47999954223633,50.374813079833984,2280300
2022-01-20,50.7400016784668,51.29999923706055,49.88999938964844,50.130001068115234,50.02554321289063,1564000
2022-01-21,49.61000061035156,50.68999862670898,48.45000076293945,48.56999969482422,48.46879196166992,1424600
2022-01-24,48.209999084472656,49.95000076293945,47.4900016784668,49.75,49.64633560180664,2010200
2022-01-25,49.09000015258789,50.220001220703125,48.16999816894531,49.90999984741211,49.805999755859375,2100500
2022-01-26,50.09999847412109,51.02000045776367,48.77999877929688,48.95000076293945,48.84800338745117,1617900
2022-01-27,49.40999984741211,49.77000045776367,48.77999877929688,48.90999984741211,48.80808639526367,1459300
2022-01-28,48.77000045776367,49.77999877929688,48.45000076293945,49.7400016784668,49.636356353759766,1234300
2022-01-31,49.47999954223633,51.4900016784668,49.31999969482422,51.27000045776367,51.16316986083984,2218100
2022-02-01,51.5,53.72999954223633,51.45000076293945,53.119998931884766,53.00931167602539,3302600
2022-02-02,53.18000030517578,54.29999923706055,53.09000015258789,53.5099983215332,53.39849853515625,1935300
2022-02-03,53.15999984741211,53.75,52.52999877929688,52.93000030517578,52.81970977783203,1521700
2022-02-04,53.06999969482422,54.130001068115234,53.040000915527344,53.380001068115234,53.26877212524414,1733200
2022-02-07,52.95000076293945,54.20000076293945,52.58000183105469,53.91999816894531,53.80764389038086,1633100
2022-02-08,53.93999862670898,54.630001068115234,53.68999862670898,54.2599983215332,54.146934509277344,1386100
2022-02-09,54.59999847412109,55.41999816894531,54.20000076293945,55.09999847412109,54.98518371582031,1863000
2022-02-10,54.630001068115234,55.34999847412109,53.81999969482422,53.900001525878906,53.787689208984375,2976200
2022-02-11,54.130001068115234,54.68000030517578,53.36000061035156,53.650001525878906,53.538211822509766,2136200
2022-02-14,53.59999847412109,53.83000183105469,52.09999847412109,52.650001525878906,52.5402946472168,1509700
2022-02-15,52.08000183105469,53.09000015258789,51.540000915527344,52.25,52.1411247253418,1813300
2022-02-16,51.90999984741211,52.45000076293945,51.400001525878906,51.5,51.3926887512207,1387800
2022-02-17,51.29999923706055,51.459999084472656,50.459999084472656,50.79999923706055,50.69414520263672,1499400
2022-02-18,50.68000030517578,51.0,49.61000061035156,49.65999984741211,49.556522369384766,1184500
2022-02-22,49.61000061035156,50.09000015258789,48.77000045776367,49.20000076293945,49.09748077392578,1417000
2022-02-23,49.25,50.09000015258789,49.08000183105469,49.27000045776367,49.16733551025391,1648500
2022-02-24,48.0099983215332,49.54999923706055,47.58000183105469,49.470001220703125,49.366920471191406,1724200
2022-02-25,49.40999984741211,51.2400016784668,48.869998931884766,51.209999084472656,51.10329055786133,2013100
2022-02-28,50.95000076293945,50.95000076293945,49.59000015258789,49.75,49.64633560180664,4333200
2022-03-01,49.68999862670898,50.02999877929688,48.7599983215332,49.13999938964844,49.03760528564453,1597100
2022-03-02,49.04999923706055,49.9900016784668,49.04999923706055,49.380001068115234,49.27710723876953,1482000
2022-03-03,49.2599983215332,49.52999877929688,48.040000915527344,48.27000045776367,48.16941833496094,1605800
2022-03-04,47.59999847412109,48.68000030517578,46.84000015258789,48.52000045776367,48.41889953613281,2241500
2022-03-07,48.0,48.619998931884766,46.43999862670898,46.52999877929688,46.43304443359375,1847000
2022-03-08,46.4900016784668,46.84999847412109,45.22999954223633,46.369998931884766,46.27337646484375,2780700
2022-03-09,47.5,48.77999877929688,47.0,48.75,48.64841842651367,2519200
2022-03-10,47.90999984741211,49.40999984741211,47.20000076293945,49.18000030517578,49.07752227783203,2174500
2022-03-11,49.45000076293945,49.58000183105469,48.52999877929688,48.84000015258789,48.73823165893555,2395500
2022-03-14,48.72999954223633,49.380001068115234,48.47999954223633,49.220001220703125,49.11743927001953,1219500
2022-03-15,49.220001220703125,49.220001220703125,47.77999877929688,47.90999984741211,47.8101692199707,2111800
2022-03-16,49.0,51.27999877929688,48.619998931884766,50.81999969482422,50.71410369873047,2645300
2022-03-17,50.75,52.7599983215332,50.5,52.68000030517578,52.57022857666016,2372000
2022-03-18,52.4900016784668,53.2599983215332,51.95000076293945,53.09000015258789,52.979373931884766,7068600
2022-03-21,53.0,53.0,51.900001525878906,52.68000030517578,52.57022857666016,1344500
2022-03-22,52.619998931884766,53.060001373291016,52.34999847412109,52.790000915527344,52.68000030517578,1721300
2022-03-23,52.70000076293945,52.70000076293945,52.2400016784668,52.369998931884766,52.369998931884766,1416712
2022-03-24,52.61000061035156,53.810001373291016,52.369998931884766,53.400001525878906,52.83633804321289,1852900
2022-03-25,53.400001525878906,54.380001068115234,52.93000030517578,54.29999923706055,53.726837158203125,1581700
2022-03-28,54.400001525878906,56.58000183105469,54.119998931884766,55.40999984741211,54.82512283325195,2016800
2022-03-29,55.689998626708984,56.20000076293945,54.97999954223633,55.13999938964844,54.5579719543457,1312600
2022-03-30,54.91999816894531,55.63999938964844,54.560001373291016,55.29999923706055,54.71628189086914,1405800
2022-03-31,55.650001525878906,56.91999816894531,55.279998779296875,56.31999969482422,55.72551345825195,2078000
2022-04-01,56.5,56.70000076293945,55.119998931884766,55.560001373291016,54.97353744506836,1503200
2022-04-04,55.529998779296875,56.95000076293945,55.529998779296875,56.459999084472656,55.864036560058594,1397900
2022-04-05,56.04999923706055,57.220001220703125,56.04999923706055,56.790000915527344,56.190555572509766,1123400
2022-04-06,56.599998474121094,57.02000045776367,56.41999816894531,56.70000076293945,56.101505279541016,1058900
2022-04-07,56.900001525878906,57.599998474121094,56.75,57.40999984741211,56.80400848388672,1943900
2022-04-08,57.400001525878906,57.97999954223633,56.959999084472656,57.41999816894531,56.81390380859375,1525700
2022-04-11,57.18000030517578,58.130001068115234,56.66999816894531,57.34000015258789,56.7347526550293,2031900
2022-04-12,57.540000915527344,58.25,56.61000061035156,56.66999816894531,56.07181930541992,1840300
2022-04-13,56.650001525878906,57.130001068115234,56.36000061035156,56.7400016784668,56.141082763671875,1593300
2022-04-14,56.66999816894531,57.34000015258789,56.380001068115234,56.41999816894531,55.824459075927734,1356800
2022-04-18,56.29999923706055,56.970001220703125,56.20000076293945,56.58000183105469,55.98277282714844,1338700
2022-04-19,56.709999084472656,58.439998626708984,56.529998779296875,58.18000030517578,57.56588363647461,2294300
2022-04-20,58.27000045776367,58.400001525878906,57.439998626708984,57.720001220703125,57.11074447631836,1304400
2022-04-21,57.75,57.970001220703125,57.2400016784668,57.31999969482422,56.714962005615234,1139300
2022-04-22,57.130001068115234,57.779998779296875,56.63999938964844,56.68000030517578,56.08171844482422,1829300
2022-04-25,56.400001525878906,57.150001525878906,56.209999084472656,56.970001220703125,56.36865234375,1099700
2022-04-26,57.25,57.25,56.029998779296875,56.11000061035156,55.517730712890625,1647800
2022-04-27,56.27000045776367,57.27000045776367,55.689998626708984,56.61000061035156,56.012454986572266,1631300
2022-04-28,56.75,58.70000076293945,56.130001068115234,58.38999938964844,57.77366256713867,1627000
2022-04-29,58.0,58.5,56.900001525878906,57.189998626708984,56.58633041381836,1910900
2022-05-02,57.5,59.599998474121094,57.40999984741211,58.11000061035156,57.49662399291992,2494600
2022-05-03,58.290000915527344,59.22999954223633,57.86000061035156,57.95000076293945,57.338314056396484,1771300
2022-05-04,58.20000076293945,58.47999954223633,56.689998626708984,57.4900016784668,56.8831672668457,1751100
2022-05-05,57.099998474121094,57.439998626708984,55.099998474121094,55.2599983215332,54.67670440673828,1998200
2022-05-06,54.900001525878906,56.18000030517578,54.56999969482422,55.209999084472656,54.62723159790039,1889400
2022-05-09,54.77000045776367,56.16999816894531,54.72999954223633,54.91999816894531,54.34029006958008,1960300
2022-05-10,55.810001373291016,56.0,54.189998626708984,54.91999816894531,54.34029006958008,2838700
2022-05-11,54.939998626708984,55.459999084472656,53.79999923706055,54.91999816894531,54.34029006958008,2963900
2022-05-12,54.41999816894531,57.83000183105469,54.41999816894531,57.75,57.140419006347656,2732200
2022-05-13,58.0,58.880001068115234,57.5,58.439998626708984,57.82313537597656,1633600
2022-05-16,58.25,59.40999984741211,57.900001525878906,58.959999084472656,58.337650299072266,1553100
2022-05-17,59.38999938964844,59.38999938964844,57.66999816894531,57.900001525878906,57.288841247558594,1444400
2022-05-18,57.38999938964844,57.7400016784668,54.43000030517578,54.65999984741211,54.08303451538086,1704200
2022-05-19,53.41999816894531,56.22999954223633,53.41999816894531,55.529998779296875,54.943851470947266,2012600
2022-05-20,55.5,56.400001525878906,55.209999084472656,55.61000061035156,55.02301025390625,2348200
2022-05-24,56.0,56.029998779296875,54.84000015258789,55.2599983215332,54.67670440673828,1601200
2022-05-25,55.79999923706055,56.09000015258789,55.349998474121094,55.630001068115234,55.04279708862305,1266100
2022-05-26,55.630001068115234,56.52000045776367,55.290000915527344,56.2599983215332,55.6661491394043,1649300
2022-05-27,56.86000061035156,57.27000045776367,56.470001220703125,57.029998779296875,56.428016662597656,2016000
2022-05-30,57.31999969482422,58.380001068115234,57.04999923706055,58.06999969482422,57.4570426940918,435300
2022-05-31,57.72999954223633,58.75,57.369998931884766,57.470001220703125,56.863380432128906,3903800
2022-06-01,57.349998474121094,58.099998474121094,57.02000045776367,57.43000030517578,56.82379913330078,1009400
2022-06-02,57.43000030517578,58.150001525878906,57.040000915527344,58.0,57.38778305053711,815500
2022-06-03,57.70000076293945,58.209999084472656,57.4900016784668,57.70000076293945,57.09095001220703,922800
2022-06-06,57.939998626708984,58.08000183105469,57.2599983215332,57.33000183105469,56.724857330322266,769200
2022-06-07,57.0,57.52000045776367,56.70000076293945,57.470001220703125,56.863380432128906,1026200
2022-06-08,57.47999954223633,58.279998779296875,56.83000183105469,57.150001525878906,56.5467529296875,1928700
2022-06-09,57.189998626708984,57.619998931884766,56.56999969482422,56.650001525878906,56.052032470703125,1212800
2022-06-10,56.2599983215332,56.380001068115234,54.4900016784668,54.70000076293945,54.122615814208984,2673000
2022-06-13,53.63999938964844,54.630001068115234,53.529998779296875,53.689998626708984,53.1232795715332,2667600
2022-06-14,53.65999984741211,54.540000915527344,53.18000030517578,54.349998474121094,53.776309967041016,1943800
2022-06-15,54.5,54.650001525878906,53.470001220703125,54.04999923706055,53.47947692871094,1148700
2022-06-16,53.0099983215332,53.400001525878906,51.630001068115234,52.68000030517578,52.123939514160156,1581600
2022-06-17,52.95000076293945,53.459999084472656,52.22999954223633,53.040000915527344,52.48013687133789,4468900
2022-06-20,53.0,53.7400016784668,52.869998931884766,53.5099983215332,52.94517135620117,483200
2022-06-21,53.52000045776367,53.90999984741211,53.279998779296875,53.5,52.935279846191406,1908400
2022-06-22,52.90999984741211,54.0099983215332,52.2400016784668,53.279998779296875,52.71760177612305,1373900
2022-06-23,53.56999969482422,54.209999084472656,53.220001220703125,53.36000061035156,52.796756744384766,1352700
2022-06-24,54.119998931884766,55.189998626708984,53.79999923706055,55.16999816894531,54.58765411376953,1465900
2022-06-27,55.41999816894531,56.369998931884766,54.939998626708984,55.34000015258789,54.755863189697266,2698500
2022-06-28,55.7599983215332,55.900001525878906,53.16999816894531,53.380001068115234,52.81654739379883,1719500
2022-06-29,52.959999084472656,53.380001068115234,51.47999954223633,52.63999938964844,52.08435821533203,1784700
2022-06-30,51.5099983215332,51.9900016784668,49.58000183105469,50.209999084472656,49.68000411987305,2802100
2022-07-04,50.25,52.279998779296875,50.25,51.7400016784668,51.19386672973633,1061300
2022-07-05,51.619998931884766,52.20000076293945,50.209999084472656,51.150001525878906,50.61008834838867,1725400
2022-07-06,51.13999938964844,51.84000015258789,50.650001525878906,51.0099983215332,50.471561431884766,1180200
2022-07-07,51.25,53.279998779296875,50.88999938964844,53.20000076293945,52.752201080322266,1778300
2022-07-08,52.689998626708984,53.25,52.290000915527344,52.849998474121094,52.4051513671875,1247600
2022-07-11,52.36000061035156,52.470001220703125,51.5099983215332,51.56999969482422,51.13592529296875,889100
2022-07-12,51.630001068115234,52.79999923706055,51.630001068115234,51.9900016784668,51.552391052246094,1447900
2022-07-13,51.4900016784668,53.25,51.20000076293945,52.880001068115234,52.43490219116211,1893300
2022-07-14,52.5099983215332,53.25,51.70000076293945,52.75,52.30599594116211,2257500
2022-07-15,53.25,53.470001220703125,52.2599983215332,52.43000030517578,51.98868942260742,1009700
2022-07-18,53.0,53.0,51.38999938964844,51.439998626708984,51.00701904296875,939900
2022-07-19,51.84000015258789,52.400001525878906,51.36000061035156,52.27000045776367,51.83003234863281,1256300
2022-07-20,52.13999938964844,52.77000045776367,51.47999954223633,52.61000061035156,52.16717529296875,725300
2022-07-21,52.470001220703125,52.9900016784668,52.2599983215332,52.650001525878906,52.20683670043945,844000
2022-07-22,52.68000030517578,53.88999938964844,52.619998931884766,53.709999084472656,53.25791549682617,926600
2022-07-25,54.0,55.0,53.290000915527344,54.93000030517578,54.46764373779297,1034700
2022-07-26,54.47999954223633,54.61000061035156,53.09000015258789,54.400001525878906,53.942108154296875,881600
2022-07-27,54.290000915527344,55.599998474121094,54.15999984741211,55.029998779296875,54.566802978515625,1358600
2022-07-28,55.04999923706055,56.900001525878906,54.880001068115234,56.689998626708984,56.21282958984375,1328100
2022-07-29,57.0,57.65999984741211,56.7400016784668,57.209999084472656,56.72844696044922,1263500
2022-08-02,56.27000045776367,57.84000015258789,56.220001220703125,57.470001220703125,56.98626708984375,1607500
2022-08-03,57.38999938964844,57.810001373291016,57.04999923706055,57.54999923706055,57.065589904785156,772000
2022-08-04,57.38999938964844,58.5,57.27000045776367,58.47999954223633,57.98776626586914,896200
2022-08-05,58.13999938964844,58.150001525878906,56.529998779296875,57.29999923706055,56.81769943237305,961900
2022-08-08,57.31999969482422,57.970001220703125,57.08000183105469,57.119998931884766,56.63920974731445,1072300
2022-08-09,57.36000061035156,57.36000061035156,55.66999816894531,55.72999954223633,55.26091003417969,1096200
2022-08-10,56.40999984741211,57.25,56.36000061035156,57.13999938964844,56.65904235839844,1256800
2022-08-11,57.13999938964844,58.439998626708984,57.06999969482422,58.40999984741211,57.91835021972656,1022600
2022-08-12,58.52000045776367,59.529998779296875,58.38999938964844,59.4900016784668,58.9892578125,1058500
2022-08-15,59.36000061035156,60.06999969482422,59.33000183105469,59.4900016784668,58.9892578125,1056200
2022-08-16,59.33000183105469,60.380001068115234,59.33000183105469,60.11000061035156,59.60404586791992,1160800
2022-08-17,60.040000915527344,60.380001068115234,59.36000061035156,59.599998474121094,59.098331451416016,1051600
2022-08-18,59.790000915527344,60.65999984741211,59.61000061035156,59.720001220703125,59.21732711791992,1393800
2022-08-19,59.369998931884766,59.709999084472656,58.849998474121094,59.060001373291016,58.56288146972656,927300
2022-08-22,58.47999954223633,59.619998931884766,58.43000030517578,59.400001525878906,58.900020599365234,1158100
2022-08-23,59.33000183105469,59.38999938964844,58.900001525878906,59.099998474121094,58.6025390625,959500
2022-08-24,59.06999969482422,59.459999084472656,57.9900016784668,58.02000045776367,57.53163528442383,1262900
2022-08-25,58.25,58.439998626708984,57.75,58.310001373291016,57.819190979003906,2103900
2022-08-26,58.20000076293945,58.43000030517578,56.95000076293945,56.970001220703125,56.49047088623047,1027100
2022-08-29,56.72999954223633,57.400001525878906,56.58000183105469,56.84000015258789,56.36156463623047,855800
2022-08-30,56.959999084472656,57.459999084472656,56.310001373291016,56.56999969482422,56.09383773803711,1279100
2022-08-31,57.779998779296875,59.0,55.689998626708984,56.439998626708984,55.964935302734375,3042200
2022-09-01,56.939998626708984,58.790000915527344,56.720001220703125,58.77000045776367,58.27532196044922,1690600
2022-09-02,59.45000076293945,59.97999954223633,58.63999938964844,59.459999084472656,58.95951461791992,2100500
2022-09-06,60.0,60.040000915527344,58.54999923706055,58.790000915527344,58.2951545715332,1323500
2022-09-07,58.86000061035156,59.47999954223633,58.290000915527344,58.900001525878906,58.513710021972656,1116600
2022-09-08,58.650001525878906,58.7599983215332,57.40999984741211,58.5099983215332,58.12626647949219,1512600
2022-09-09,58.63999938964844,59.79999923706055,58.380001068115234,59.41999816894531,59.030296325683594,1151800
2022-09-12,59.31999969482422,60.470001220703125,59.25,60.189998626708984,59.795249938964844,1509300
2022-09-13,59.4900016784668,60.2599983215332,58.91999816894531,58.97999954223633,58.59318542480469,1626600
2022-09-14,59.279998779296875,59.47999954223633,58.75,59.060001373291016,58.67266082763672,1203700
2022-09-15,59.04999923706055,59.13999938964844,58.150001525878906,58.66999816894531,58.28521728515625,1489100
2022-09-16,58.310001373291016,59.11000061035156,58.09000015258789,59.08000183105469,58.69253158569336,4739100
2022-09-19,58.650001525878906,59.060001373291016,58.27000045776367,58.65999984741211,58.27528381347656,1183000
2022-09-20,58.560001373291016,58.689998626708984,57.33000183105469,57.59000015258789,57.212303161621094,1426000
2022-09-21,57.68000030517578,58.20000076293945,56.2599983215332,56.290000915527344,55.92082977294922,1241800
2022-09-22,56.290000915527344,56.54999923706055,54.59000015258789,54.79999923706055,54.44060134887695,1851700
2022-09-23,54.4900016784668,55.81999969482422,54.119998931884766,54.529998779296875,54.172367095947266,2172900
2022-09-26,54.459999084472656,55.2400016784668,54.380001068115234,54.81999969482422,54.46046829223633,1233500
2022-09-27,55.18000030517578,55.779998779296875,54.38999938964844,55.68000030517578,55.31482696533203,1729600
2022-09-28,55.5,56.75,55.279998779296875,56.040000915527344,55.67247009277344,1633300
2022-09-29,55.810001373291016,56.900001525878906,55.209999084472656,56.540000915527344,56.169189453125,1824000
2022-09-30,56.779998779296875,56.84000015258789,55.5099983215332,55.61000061035156,55.24528884887695,1611500
2022-10-03,55.25,57.349998474121094,55.25,56.63999938964844,56.268531799316406,1544300
2022-10-04,57.5,58.25,57.36000061035156,57.790000915527344,57.41099166870117,1786900
2022-10-05,57.400001525878906,57.83000183105469,56.68000030517578,57.310001373291016,56.934139251708984,1096700
2022-10-06,57.16999816894531,58.36000061035156,56.7599983215332,57.09000015258789,56.715579986572266,1854600
2022-10-07,56.7599983215332,57.02000045776367,55.599998474121094,55.779998779296875,55.41416931152344,1254400
2022-10-11,55.619998931884766,57.09000015258789,55.560001373291016,56.27000045776367,55.90095901489258,1424500
2022-10-12,56.38999938964844,58.0,56.150001525878906,57.04999923706055,56.675838470458984,1503400
2022-10-13,56.06999969482422,59.150001525878906,56.06999969482422,58.06999969482422,57.689151763916016,1696500
2022-10-14,58.599998474121094,58.599998474121094,57.380001068115234,57.650001525878906,57.271907806396484,1183900
2022-10-17,58.029998779296875,58.540000915527344,57.84000015258789,57.970001220703125,57.58980941772461,1122900
2022-10-18,58.779998779296875,58.779998779296875,57.470001220703125,57.81999969482422,57.440792083740234,829600
2022-10-19,57.709999084472656,57.959999084472656,56.650001525878906,57.06999969482422,56.69571304321289,1380400
2022-10-20,57.150001525878906,57.91999816894531,56.75,57.11000061035156,56.73544692993164,1033100
2022-10-21,56.9900016784668,58.52000045776367,56.810001373291016,58.189998626708984,57.8083610534668,1464200
2022-10-24,58.209999084472656,59.77000045776367,57.83000183105469,59.119998931884766,58.73226547241211,1212100
2022-10-25,59.060001373291016,60.31999969482422,58.779998779296875,59.58000183105469,59.18925094604492,1400000
2022-10-26,59.58000183105469,60.970001220703125,59.29999923706055,60.0099983215332,59.61642837524414,1376600
2022-10-27,60.27000045776367,60.959999084472656,60.029998779296875,60.470001220703125,60.07341384887695,1652900
2022-10-28,60.439998626708984,61.93000030517578,60.22999954223633,61.45000076293945,61.0469856262207,1629100
2022-10-31,61.15999984741211,61.4900016784668,60.599998474121094,61.0,60.599937438964844,2220100
2022-11-01,61.47999954223633,62.0,61.36000061035156,61.84000015258789,61.434425354003906,1280900
2022-11-02,61.650001525878906,62.2400016784668,61.349998474121094,61.40999984741211,61.00725173950195,1400400
2022-11-03,61.0099983215332,62.349998474121094,60.88999938964844,61.939998626708984,61.53376770019531,1348300
2022-11-04,62.29999923706055,62.689998626708984,61.099998474121094,61.650001525878906,61.24567413330078,1185800
2022-11-07,61.650001525878906,62.279998779296875,61.0,62.189998626708984,61.782135009765625,1087900
2022-11-08,62.220001220703125,62.5,61.849998474121094,62.119998931884766,61.712589263916016,1081300
2022-11-09,62.0,62.029998779296875,60.95000076293945,61.31999969482422,60.91783905029297,1609200
2022-11-10,62.290000915527344,62.880001068115234,61.88999938964844,62.81999969482422,62.40800094604492,1461200
2022-11-11,63.0,63.47999954223633,62.47999954223633,62.900001525878906,62.48747634887695,1690300
2022-11-14,62.900001525878906,63.31999969482422,62.27000045776367,62.29999923706055,61.89141082763672,2098100
2022-11-15,62.880001068115234,63.040000915527344,61.86000061035156,62.08000183105469,61.672855377197266,1407300
2022-11-16,62.11000061035156,63.150001525878906,62.11000061035156,62.619998931884766,62.209312438964844,1688800
2022-11-17,62.560001373291016,63.029998779296875,61.83000183105469,62.060001373291016,61.65298843383789,1563100
2022-11-18,62.25,62.439998626708984,61.2400016784668,61.720001220703125,61.315216064453125,1825700
2022-11-21,61.70000076293945,62.150001525878906,61.45000076293945,61.880001068115234,61.47416687011719,3095800
2022-11-22,62.099998474121094,62.099998474121094,61.08000183105469,61.459999084472656,61.05691909790039,2021600
2022-11-23,60.58000183105469,61.2400016784668,59.86000061035156,60.099998474121094,59.70583724975586,2459300
2022-11-24,60.349998474121094,60.380001068115234,59.099998474121094,60.150001525878906,59.75551223754883,1047400
2022-11-25,60.27000045776367,61.060001373291016,60.130001068115234,60.880001068115234,60.4807243347168,1129400
2022-11-28,60.810001373291016,62.08000183105469,60.810001373291016,62.0,61.59337615966797,2616900
2022-11-29,61.970001220703125,62.099998474121094,61.20000076293945,61.25,60.84830093383789,1321700
2022-11-30,61.5,61.83000183105469,59.79999923706055,61.279998779296875,61.01757049560547,4372200
2022-12-01,61.540000915527344,62.11000061035156,61.310001373291016,61.709999084472656,61.44572830200195,1281000
2022-12-02,61.189998626708984,61.65999984741211,61.09000015258789,61.380001068115234,61.11714172363281,1318300
2022-12-05,61.119998931884766,61.56999969482422,61.09000015258789,61.5,61.23662567138672,1280100
2022-12-06,61.5,61.91999816894531,60.15999984741211,60.43000030517578,60.17121124267578,1698300
2022-12-07,60.439998626708984,61.400001525878906,60.439998626708984,60.88999938964844,60.62923812866211,1881800
2022-12-08,60.970001220703125,62.939998626708984,60.86000061035156,62.369998931884766,62.102901458740234,2002300
2022-12-09,62.279998779296875,62.4900016784668,61.560001373291016,61.779998779296875,61.51542663574219,1141800
2022-12-12,61.77000045776367,62.709999084472656,61.75,62.31999969482422,62.05311584472656,1644900
2022-12-13,62.95000076293945,63.2400016784668,62.59000015258789,63.040000915527344,62.77003479003906,1597700
2022-12-14,63.11000061035156,63.540000915527344,62.130001068115234,62.33000183105469,62.063072204589844,1759000
2022-12-15,62.189998626708984,62.54999923706055,60.93000030517578,61.209999084472656,60.94786834716797,1232600
2022-12-16,60.81999969482422,61.540000915527344,60.5,61.25,60.98769760131836,3465600
2022-12-19,61.36000061035156,62.09000015258789,61.0099983215332,61.310001373291016,61.04744338989258,1116200
2022-12-20,61.0,61.63999938964844,60.36000061035156,61.060001373291016,60.79851531982422,1124900
2022-12-21,61.290000915527344,62.220001220703125,61.20000076293945,61.4900016784668,61.2266731262207,891500
2022-12-22,61.189998626708984,61.59000015258789,60.099998474121094,60.189998626708984,59.93223571777344,1227000
2022-12-23,60.209999084472656,60.36000061035156,59.31999969482422,59.72999954223633,59.47420883178711,878700
2022-12-28,59.22999954223633,60.150001525878906,59.0099983215332,59.59000015258789,59.334808349609375,1796100
2022-12-29,59.810001373291016,60.97999954223633,59.31999969482422,60.599998474121094,60.34048080444336,1937900
2022-12-30,60.220001220703125,60.400001525878906,59.02000045776367,59.5,59.24519348144531,1777600
2023-01-03,60.38999938964844,60.9900016784668,60.029998779296875,60.13999938964844,59.882450103759766,1139200
2023-01-04,60.33000183105469,60.72999954223633,59.650001525878906,60.08000183105469,59.82271194458008,1062100
2023-01-05,60.099998474121094,60.869998931884766,59.04999923706055,60.81999969482422,60.559539794921875,1233700
2023-01-06,60.88999938964844,62.16999816894531,60.59000015258789,61.869998931884766,61.605045318603516,1289000
2023-01-09,61.869998931884766,62.709999084472656,61.869998931884766,62.08000183105469,61.814144134521484,1185600
2023-01-10,62.09000015258789,62.599998474121094,61.86000061035156,62.56999969482422,62.30204772949219,1260600
2023-01-11,62.70000076293945,63.310001373291016,62.02000045776367,62.11000061035156,61.844017028808594,1442000
2023-01-12,62.2400016784668,62.65999984741211,61.779998779296875,62.279998779296875,62.01328659057617,1313400
2023-01-13,62.310001373291016,63.25,62.310001373291016,62.97999954223633,62.710289001464844,1356000
2023-01-16,62.70000076293945,63.4900016784668,62.70000076293945,63.31999969482422,63.048831939697266,418600
2023-01-17,63.2400016784668,63.54999923706055,63.0,63.06999969482422,62.799903869628906,1266100
2023-01-18,63.08000183105469,63.540000915527344,62.70000076293945,62.959999084472656,62.690372467041016,1292400
2023-01-19,62.790000915527344,63.31999969482422,62.75,62.93000030517578,62.66050338745117,1467700
2023-01-20,63.02000045776367,63.11000061035156,62.11000061035156,62.16999816894531,61.90375900268555,1234300
2023-01-23,62.119998931884766,62.119998931884766,61.25,61.709999084472656,61.44572830200195,1330800
2023-01-24,61.709999084472656,62.380001068115234,61.56999969482422,62.36000061035156,62.09294509887695,1342900
2023-01-25,62.040000915527344,62.68000030517578,61.560001373291016,62.2599983215332,61.993370056152344,1266100
2023-01-26,62.5,62.529998779296875,60.790000915527344,60.91999816894531,60.65910720825195,1490200
2023-01-27,60.849998474121094,60.970001220703125,59.630001068115234,59.66999816894531,59.41446304321289,1692000
2023-01-30,59.5,60.529998779296875,59.310001373291016,60.119998931884766,59.8625373840332,1622200
2023-01-31,60.15999984741211,60.849998474121094,59.779998779296875,60.7599983215332,60.49979782104492,1882800
2023-02-01,60.65999984741211,60.959999084472656,59.88999938964844,60.0,59.7430534362793,2205100
2023-02-02,60.11000061035156,60.36000061035156,58.939998626708984,59.22999954223633,58.976348876953125,2950700
2023-02-03,59.20000076293945,60.400001525878906,59.150001525878906,60.33000183105469,60.07164001464844,1784600
2023-02-06,60.0,60.130001068115234,59.41999816894531,59.65999984741211,59.40450668334961,1156400
2023-02-07,59.29999923706055,59.83000183105469,58.91999816894531,59.72999954223633,59.47420883178711,1475600
2023-02-08,59.70000076293945,60.88999938964844,59.529998779296875,60.86000061035156,60.599369049072266,1211000
2023-02-09,61.0,61.83000183105469,60.79999923706055,61.59000015258789,61.32624435424805,2507300
2023-02-10,61.400001525878906,62.68000030517578,61.130001068115234,62.560001373291016,62.29208755493164,1726600
2023-02-13,62.38999938964844,63.45000076293945,62.279998779296875,63.36000061035156,63.088661193847656,1062700
2023-02-14,63.15999984741211,64.2699966430664,62.849998474121094,63.9900016784668,63.715965270996094,1514500
2023-02-15,63.84000015258789,65.04000091552734,63.68000030517578,64.56999969482422,64.2934799194336,1306100
2023-02-16,64.55999755859375,65.05000305175781,64.16000366210938,64.83999633789062,64.56232452392578,1217100
2023-02-17,64.63999938964844,65.94999694824219,64.58000183105469,65.58999633789062,65.3091049194336,1268500
2023-02-21,65.16999816894531,65.41000366210938,63.54999923706055,63.65999984741211,63.38737487792969,1516200
2023-02-22,63.66999816894531,65.81999969482422,63.66999816894531,65.58999633789062,65.3091049194336,1751700
2023-02-23,65.0999984741211,65.58000183105469,63.849998474121094,64.33000183105469,64.05450439453125,2023100
2023-02-24,64.04000091552734,64.33000183105469,63.099998474121094,64.29000091552734,64.01467895507812,1309200
2023-02-27,64.0,64.47000122070312,63.810001373291016,64.12000274658203,63.84540939331055,649500
2023-02-28,64.02999877929688,64.12000274658203,63.290000915527344,64.01000213623047,63.73588180541992,2580400
2023-03-01,63.72999954223633,63.7400016784668,63.029998779296875,63.16999816894531,62.89947509765625,1549400
2023-03-02,62.900001525878906,63.63999938964844,62.290000915527344,63.56999969482422,63.29776382446289,1058600
2023-03-03,63.70000076293945,65.47000122070312,63.56999969482422,65.30000305175781,65.0203628540039,870000
2023-03-06,65.0999984741211,65.45999908447266,64.83000183105469,65.08000183105469,64.80130004882812,672300
2023-03-07,65.5,65.68000030517578,64.98999786376953,65.18000030517578,64.90087127685547,789900
2023-03-08,65.16000366210938,65.80000305175781,64.87000274658203,65.11000061035156,64.83116912841797,1031500
2023-03-09,65.20999908447266,65.55000305175781,64.37999725341797,64.58999633789062,64.31339263916016,1258300
2023-03-10,64.5999984741211,64.7300033569336,62.709999084472656,62.900001525878906,62.63063430786133,1689700
2023-03-13,62.75,63.220001220703125,62.06999969482422,62.52000045776367,62.252262115478516,1889100
2023-03-14,62.47999954223633,63.13999938964844,62.11000061035156,62.93000030517578,62.66050338745117,1619200
2023-03-15,62.0,62.0,60.25,60.939998626708984,60.67902374267578,1848400
2023-03-16,61.0,62.7599983215332,59.95000076293945,62.61000061035156,62.34187316894531,2159500
2023-03-17,62.58000183105469,62.61000061035156,60.06999969482422,61.59000015258789,61.32624435424805,4994100
2023-03-20,61.880001068115234,64.9000015258789,61.5099983215332,62.720001220703125,62.4514045715332,1592900
2023-03-21,62.869998931884766,63.040000915527344,62.400001525878906,62.83000183105469,62.56093215942383,906400
2023-03-22,62.7599983215332,64.79000091552734,62.7599983215332,63.47999954223633,63.349308013916016,1456900
2023-03-23,63.56999969482422,64.44000244140625,63.150001525878906,63.970001220703125,63.83829879760742,2264500
2023-03-24,63.70000076293945,64.8499984741211,63.65999984741211,64.66000366210938,64.5268783569336,1375100
2023-03-27,65.0,65.41999816894531,64.77999877929688,65.37000274658203,65.23542022705078,1227100
2023-03-28,65.22000122070312,65.80999755859375,65.19000244140625,65.68000030517578,65.5447769165039,948300
2023-03-29,65.8499984741211,67.0,65.62000274658203,66.80000305175781,66.6624755859375,1770600
2023-03-30,67.0999984741211,67.70999908447266,66.45999908447266,67.58000183105469,67.44086456298828,1379500
2023-03-31,67.55000305175781,68.18000030517578,67.4000015258789,67.94999694824219,67.81010437011719,1709300
2023-04-03,67.31999969482422,68.4000015258789,67.31999969482422,67.48999786376953,67.3510513305664,1935400
2023-04-04,67.75,67.94999694824219,66.16000366210938,66.43000030517578,66.2932357788086,970400
2023-04-05,66.25,66.83999633789062,66.25,66.7300033569336,66.59262084960938,918800
2023-04-06,66.58000183105469,67.33999633789062,66.58000183105469,67.0999984741211,66.96185302734375,1128900
2023-04-10,66.9000015258789,67.69999694824219,66.8499984741211,67.58000183105469,67.44086456298828,1178400
2023-04-11,67.58999633789062,68.37000274658203,67.58999633789062,67.93000030517578,67.79014587402344,1082700
2023-04-12,68.01000213623047,68.12999725341797,67.05000305175781,67.47000122070312,67.33109283447266,1281400
2023-04-13,67.58999633789062,67.98999786376953,67.36000061035156,67.72000122070312,67.58058166503906,769900
2023-04-14,67.76000213623047,68.18000030517578,67.75,67.94999694824219,67.81010437011719,397200
2023-04-17,67.9800033569336,67.98999786376953,66.70999908447266,66.76000213623047,66.62255859375,1295100
2023-04-18,66.80000305175781,67.16000366210938,66.05999755859375,66.44999694824219,66.31318664550781,1159200
2023-04-19,66.38999938964844,67.05999755859375,66.30000305175781,66.62000274658203,66.48284149169922,894100
2023-04-20,66.0,67.38999938964844,66.0,66.79000091552734,66.65249633789062,904100
2023-04-21,66.9000015258789,67.73999786376953,66.87999725341797,67.69999694824219,67.56061553955078,771300
2023-04-24,67.44000244140625,67.94999694824219,67.2300033569336,67.44999694824219,67.3111343383789,660000
2023-04-25,67.44999694824219,67.76000213623047,66.37000274658203,66.58000183105469,66.44292449951172,1102600
2023-04-26,66.41000366210938,67.0999984741211,66.41000366210938,66.66000366210938,66.52276611328125,768200
2023-04-27,67.55000305175781,68.05000305175781,67.05999755859375,67.54000091552734,67.40094757080078,1086700
2023-04-28,67.30999755859375,67.93000030517578,67.20999908447266,67.62000274658203,67.48078918457031,804000
2023-05-01,67.62000274658203,67.88999938964844,67.19000244140625,67.2699966430664,67.13150024414062,486700
2023-05-02,67.01000213623047,67.33999633789062,66.43000030517578,67.23999786376953,67.1015625,886200
2023-05-03,67.30000305175781,67.80000305175781,67.19999694824219,67.33000183105469,67.1913833618164,707100
2023-05-04,67.13999938964844,67.26000213623047,66.5,66.54000091552734,66.40300750732422,697100
2023-05-05,66.83999633789062,67.37000274658203,66.5,67.20999908447266,67.07162475585938,455500
2023-05-08,67.3499984741211,67.72000122070312,66.80000305175781,67.54000091552734,67.40094757080078,539000
2023-05-09,67.29000091552734,67.98999786376953,67.1500015258789,67.98999786376953,67.85002136230469,587000
2023-05-10,67.88999938964844,67.94999694824219,66.44000244140625,66.97000122070312,66.83212280273438,629400
2023-05-11,66.94999694824219,67.31999969482422,66.29000091552734,67.20999908447266,67.07162475585938,646300
2023-05-12,67.20999908447266,67.95999908447266,66.43000030517578,66.68000030517578,66.54271697998047,1047300
2023-05-15,66.77999877929688,67.04000091552734,66.27999877929688,66.62000274658203,66.48284149169922,600700
2023-05-16,66.16999816894531,66.76000213623047,65.0999984741211,66.01000213623047,65.87409973144531,907600
2023-05-17,66.01000213623047,66.4800033569336,65.4000015258789,66.41999816894531,66.28324890136719,893600
2023-05-18,66.36000061035156,66.8499984741211,65.36000061035156,66.05999755859375,65.92399597167969,851900
2023-05-19,65.72000122070312,66.30999755859375,65.2699966430664,66.01000213623047,65.87409973144531,1232700
2023-05-23,65.27999877929688,66.12000274658203,64.58000183105469,65.4800033569336,65.3451919555664,1361500
2023-05-24,65.38999938964844,66.12000274658203,64.9800033569336,66.0199966430664,65.88407135009766,851200
2023-05-25,65.88999938964844,67.0,65.54000091552734,66.61000061035156,66.47286224365234,662300
2023-05-26,66.61000061035156,67.43000030517578,66.30000305175781,67.38999938964844,67.25125885009766,749500
2023-05-29,67.5,67.5,66.44999694824219,66.70999908447266,66.5726547241211,336600
2023-05-30,66.22000122070312,66.22000122070312,65.2699966430664,65.4000015258789,65.2653579711914,952500
2023-05-31,65.1500015258789,66.06999969482422,64.87000274658203,65.7300033569336,65.59468078613281,3013700
2023-06-01,65.55000305175781,66.76000213623047,65.38999938964844,66.62999725341797,66.4928207397461,805200
2023-06-02,66.72000122070312,67.73999786376953,66.5999984741211,67.66999816894531,67.53067779541016,1092800
2023-06-05,67.41000366210938,68.11000061035156,67.41000366210938,67.70999908447266,67.57059478759766,1212500
2023-06-06,67.76000213623047,67.76000213623047,66.72000122070312,67.2699966430664,67.13150024414062,945000
2023-06-07,67.27999877929688,67.62000274658203,66.0199966430664,66.16000366210938,66.02379608154297,1238600
2023-06-08,66.0199966430664,66.13999938964844,65.06999969482422,65.18000030517578,65.04580688476562,1178500
2023-06-09,65.11000061035156,65.41999816894531,64.45999908447266,64.58000183105469,64.4470443725586,1315200
2023-06-12,64.58000183105469,64.9000015258789,64.16999816894531,64.58999633789062,64.45701599121094,1268200
2023-06-13,64.7300033569336,64.97000122070312,64.38999938964844,64.83999633789062,64.70650482177734,704000
2023-06-14,64.69000244140625,65.20999908447266,64.69000244140625,65.04000091552734,64.90609741210938,911200
2023-06-15,65.19000244140625,65.93000030517578,64.87999725341797,64.95999908447266,64.82625579833984,1258500
2023-06-16,64.9800033569336,65.7300033569336,64.63999938964844,64.7300033569336,64.59674072265625,4846400
2023-06-19,64.94000244140625,65.33000183105469,64.55000305175781,65.13999938964844,65.00588989257812,288900
2023-06-20,64.94000244140625,65.4000015258789,64.80999755859375,65.30000305175781,65.16556549072266,1738500
2023-06-21,65.18000030517578,65.61000061035156,64.51000213623047,64.54000091552734,64.4071273803711,980100
2023-06-22,64.75,65.4800033569336,64.4800033569336,64.73999786376953,64.6067123413086,1342900
2023-06-23,64.51000213623047,64.54000091552734,63.349998474121094,63.47999954223633,63.349308013916016,1272800
2023-06-26,63.310001373291016,64.9800033569336,63.290000915527344,64.76000213623047,64.62667083740234,4136500
2023-06-27,64.7300033569336,65.43000030517578,64.47000122070312,65.3499984741211,65.2154541015625,915000
2023-06-28,66.66000366210938,68.9000015258789,66.52999877929688,68.0,67.86000061035156,2037700
2023-06-29,68.19999694824219,68.26000213623047,67.66000366210938,67.93000030517578,67.79014587402344,1309400
2023-06-30,67.7699966430664,68.22000122070312,67.47000122070312,67.93000030517578,67.79014587402344,1906800
2023-07-04,68.11000061035156,68.58000183105469,67.51000213623047,67.68000030517578,67.54065704345703,436800
2023-07-05,67.5199966430664,68.38999938964844,67.51000213623047,68.0,67.86000061035156,1122800
2023-07-06,67.38999938964844,67.6500015258789,66.16000366210938,66.19999694824219,66.19999694824219,1539600
2023-07-07,66.0,66.37000274658203,65.1500015258789,65.26000213623047,65.26000213623047,1256600
2023-07-10,65.36000061035156,65.69000244140625,64.94000244140625,65.08999633789062,65.08999633789062,670600
2023-07-11,65.12999725341797,65.55999755859375,64.81999969482422,65.4000015258789,65.4000015258789,747500
2023-07-12,65.66000366210938,65.66000366210938,64.94000244140625,65.44999694824219,65.44999694824219,689300
2023-07-13,65.56999969482422,66.58999633789062,65.56999969482422,66.30999755859375,66.30999755859375,924900
2023-07-14,66.30999755859375,66.87999725341797,66.30000305175781,66.87999725341797,66.87999725341797,904600
2023-07-17,66.5999984741211,67.33000183105469,66.4000015258789,67.13999938964844,67.13999938964844,641300
2023-07-18,67.98999786376953,68.01000213623047,67.05000305175781,67.33000183105469,67.33000183105469,952800
2023-07-19,67.3499984741211,67.55999755859375,67.0199966430664,67.08000183105469,67.08000183105469,633500
2023-07-20,66.98999786376953,67.30999755859375,66.52999877929688,67.12999725341797,67.12999725341797,481600
2023-07-21,67.4000015258789,67.94999694824219,67.19999694824219,67.62999725341797,67.62999725341797,1004200
2023-07-24,67.58999633789062,67.66999816894531,67.0999984741211,67.1500015258789,67.1500015258789,696800
2023-07-25,67.30999755859375,67.4800033569336,66.55000305175781,67.08999633789062,67.08999633789062,870900
2023-07-26,66.94000244140625,67.29000091552734,66.30000305175781,67.1500015258789,67.1500015258789,1630300
2023-07-27,67.29000091552734,67.7300033569336,66.75,66.94999694824219,66.94999694824219,531700
2023-07-28,67.25,67.54000091552734,66.69000244140625,66.69000244140625,66.69000244140625,720900
2023-07-31,66.80999755859375,67.44000244140625,66.58999633789062,66.76000213623047,66.76000213623047,878700
2023-08-01,66.5,67.01000213623047,66.0999984741211,66.7699966430664,66.7699966430664,593700
2023-08-02,66.44000244140625,66.58999633789062,65.55999755859375,66.02999877929688,66.02999877929688,1135900
2023-08-03,65.73999786376953,66.23999786376953,65.33000183105469,65.80999755859375,65.80999755859375,1069400
2023-08-04,65.81999969482422,66.38999938964844,65.08000183105469,65.98999786376953,65.98999786376953,614700
2023-08-08,66.08999633789062,67.33999633789062,65.86000061035156,67.2300033569336,67.2300033569336,1284300
2023-08-09,67.23999786376953,67.61000061035156,67.02999877929688,67.56999969482422,67.56999969482422,398722
